-0.26935414068059965,0.7824801024313139,0.144252343336154,-0.39655538850326133,0.34732777114081026,0.0068923596216035055,-0.8755048370233378,-0.7141305870118966,-0.8534700905857451,-0.2825633964243961,0.6827391905274689,-0.7025948722065185,0.8562509829862799,0.03647584502197421,0.16168599533874484,0.4074115718742457,0.47875968768846344,-0.02645899726633072,-0.006585881188493348,0.18377725101299003,-0.3439925975754541,0.7169233540256796,-0.7804256006665569,-0.8313940987483159,0.5807205450079607,-0.41941573963460166,0.48488812468645626,0.1372020660352129,-0.8933787990650326,0.5899991240434521,0.938319436145568,-0.1857614245760575,-0.6191079750848492,0.7385699691009993,0.6347263730442643,0.3358932473059504,0.22171017381001934,-0.22998945217587252,-0.7483571891815051,-0.7473965596129633,-0.5549242225119999,0.7054212672062341,-0.7666403553103212,0.6687555965961243,-0.47484922372558525,0.25256786629121875,-0.7685681645737534,0.05139254387285175,-0.8732949374929961,0.9628192876670016,-0.4250098140975648,0.5510914428351583,0.7507787433833719,-0.18875434292047233,0.7628987383510144,0.5439146520116875,-0.8340598563512942,-0.10407237133412695,0.6577775228855354,0.6508666947294433,-0.4730004556435352,-0.20970187032189447,0.36768531091407586,0.6975786562595663
-0.8997969858303878,0.984409036334241,-0.8312641573401869,-0.41339196218721597,-0.4410936771432612,-0.15646655556125055,-0.3959861268905456,0.6354267946601233,-0.5612251330755522,-0.9926522154581519,-0.6786201792702287,0.9413225008726402,-0.8682388995889285,-0.46742815324234277,0.6516456920039873,-0.7502725855427967,0.5068977495535771,-0.11259449806757837,0.8025398018939374,0.07881290999415969,-0.7551622473329609,0.08951656427015542,0.8428378909995791,-0.000991424689621434,0.6585972807294715,-0.3281717730096714,0.7062780024454511,-0.49760853205784716,-0.3269458381054453,0.5166022376266908,-0.3370061091433416,-0.30296359762947445,0.6819690224456534,0.8277181241680662,0.05841546243287965,0.8784650983053255,-0.4952246016604871,0.8169949274008872,0.6697466585026992,0.7767075352823627,-0.5725733849369758,-0.4118082968776704,-0.1002721738703567,0.6772004163329854,0.9960981459855165,-0.10120881092384493,-0.5034874854577109,-0.05252939203573903,0.12103189151243021,0.7022789530396143,-0.03152797350751935,0.28830555072646624,0.42039004314481776,-0.9939317516043893,-0.11654501251071969,0.5929511742010622,-0.11261380494287865,0.5008658624784801,0.674108562768607,0.2006725037725916,-0.8973369246516785,-0.005124474649582211,-0.41578181209397913,-0.6450066577959743
-0.871934307610075,-0.3224885395122097,-0.9287463961168325,-0.07664727502826052,0.5643744412603611,-0.7732593986728553,0.4925491508747839,0.9122539681585571,-0.3722080789338633,0.49844242849494913,-0.33738233707713183,-0.7082064695950403,-0.3296640870751366,0.4647627592091168,0.16299508068989854,-0.7757560853074588,-0.2543200977572506,-0.8469798417340255,0.5206076835833211,-0.16591472879366664,-0.5997598235932358,-0.48273166144710555,-0.7167190818643971,-0.7323107803275917,0.9867555314269651,0.10245783986760815,0.069957586487847,0.7119874494968101,0.02405333234149576,-0.48043962249853567,0.6238042106088204,0.21738942214021217,0.4746092351112414,0.0382195431670469,0.1951157633246139,-0.6607420433083893,-0.4808290411101175,-0.34862550940487,-0.24716857035420814,0.7208007014192308,0.7583220357562905,0.09711518177619949,-0.6420183769115646,0.8428705515773718,0.7980091118182095,0.639044708124237,0.003982185459910914,-0.013444916611126123,-0.7620645151687102,-0.9251203329471254,-0.18773688182885118,0.0387012896560639,-0.7280648519991737,-0.4018094542656776,0.5652805452211982,0.16109870441249274,0.2470723184983563,-0.27083021313845257,-0.8505949457014716,-0.1299380050887362,-0.3241596929959869,0.44801982646994154,-0.7658057346151446,-0.8817134251423802
-0.3230548199025891,0.6807271310809555,-0.04559327713857275,-0.7092464078791558,0.1733908806897655,0.0357824866251546,-0.42442380941602487,-0.7675761874196352,-0.475078106790916,-0.544791592561515,0.8579969510138152,0.5646325223595332,-0.9921384130779358,0.7383597384804701,-0.9487445431897121,0.7970121033787669,-0.2208487449270642,-0.36505510460020285,0.7617437214339942,-0.20806179702902527,-0.1368099116614434,-0.34761966698141067,-0.5914022623522952,0.3325368159102553,0.4014535707317035,0.4892683030206406,0.3075791864644686,-0.6919713266076759,-0.5769831301427595,0.8760329342948467,-0.6528018359178547,-0.4840861949974502,0.6373403584100696,-0.5462696857391847,0.953649320923668,0.5452159159154677,-0.4257702264719754,-0.9938145284732427,0.5362123354173498,0.03459213603793154,0.7264079870369833,0.2266023013732099,0.41421254817079456,0.073978984724141,0.07269476402340125,-0.19238852705609766,-0.21809347373055799,0.24533726628285035,-0.11181109691310143,-0.471493725968813,-0.14201010881604437,0.31759704070251615,0.92480141573528,-0.42095167832070013,0.5941197365320867,-0.8761594873376726,-0.06580995658380995,0.011059348214228937,0.8379099213101775,-0.3349951812371599,0.5453843772555758,0.9366296376355994,-0.4536703815090608,-0.9314102926133832
-0.49752609400319425,0.3921530137425957,0.050777465199156824,-0.9001390885193086,-0.04085066229770962,-0.8276923922650787,0.553421408737137,-0.7620705916647694,-0.48274348973048475,-0.6671972951315521,-0.7854030648619181,-0.4981914211333969,0.7138637735321054,0.9183062855983886,-0.42239958664783717,-0.13808363971738458,0.8909686476813994,0.2935776407091506,-0.6280698513113414,0.4805294199156134,0.8636613471047139,-0.4216408529859239,0.857000359598151,0.02783636393242528,0.1742070065860417,-0.22375966381891876,0.7575928147908997,-0.21076538184888882,-0.5736004085561868,0.5777323491458721,0.0633112383235257,0.9876499054815919,0.011448088606774709,-0.7768014059789932,-0.5038701853240826,-0.3414138689034911,0.9334366790633475,0.6015959390996026,0.19045460248048185,0.5875975998501053,0.26333894064965513,-0.31183786171862904,-0.7239108366070239,-0.12943247816736303,-0.6730426073465332,0.5367004410231329,-0.3205681426924025,0.46717165246667025,-0.6755681175662318,-0.6608919410679255,-0.40002739759674655,0.4635548635456115,-0.5049922339219763,-0.7969652833706422,-0.1986564227906913,0.29025609585179457,0.6580372449766412,0.6047164371337062,-0.7385245631225748,0.9291370867346993,-0.24729286988112475,-0.7508077445750394,0.20047038843737552,-0.42006248471542573
0.6518810590891941,0.8882531359029178,-0.36490869833185524,0.029273345305761644,-0.6812341649786171,-0.27093219803636304,0.6188701414607878,-0.8117205139701142,-0.9940276308390428,-0.1958304118391505,-0.042655228538913015,0.8539214399610988,0.22648168896832632,0.0411417332846844,-0.08049574239205448,-0.8695655424247599,-0.13762942751193186,0.3027378785673158,0.5610400893728882,0.7724956208144829,-0.667397927665794,-0.5578965885629148,-0.651158658153761,-0.8016565522868881,-0.25955113121703866,-0.8195928815525071,-0.711214358928554,-0.6191700738661039,0.14201392383090794,-0.714349960059095,0.6962683251919803,-0.7819777569540165,-0.7123995891660779,-0.3228529117269896,0.028317813704428207,-0.44169367762805956,-0.391132362620882,-0.8585161823455374,-0.6326203226340787,0.6554146486942856,-0.7712671320042888,-0.3764524602607384,-0.6402699630151552,0.567079942676497,0.3749163416578285,-0.057031024824637955,-0.8463042863176027,0.37403898961045456,0.27358284006049804,-0.4163731260785035,-0.5156972232962995,-0.7164173879494373,0.11936545874342697,0.5463424679132711,-0.041325021789080374,-0.6427560136647414,0.4240344403625602,0.45245694669519776,0.9933271420415124,0.27304326416960434,-0.14922781007054042,0.276561258308226,0.08843804984735315,-0.00850505823679204
-0.3796255867535745,0.8193430394420358,-0.35738242374428375,0.5786872364175546,-0.24665931147761078,0.025365457079383535,-0.05022058146873554,0.10908150332103017,-0.587951296796172,0.7475327089059995,0.6160068123901801,0.827279457278266,-0.48706414885285754,0.44450875482854757,0.08817366807745342,-0.9743899497922193,0.8742922877118247,0.505531390867042,-0.8989611333472043,0.057632042748616774,0.9515445514606224,0.9296319607597239,0.4637510015524702,0.028755205414755514,0.9166615138861842,0.3324189110190514,0.15875430962756676,0.162171687776133,0.9000736396040114,0.8459011423105061,-0.9129136629136263,0.5107113169247364,-0.04206399862976573,-0.5195126078459629,-0.12884214532753435,0.11019637937948912,0.023240019445561977,0.041129879004064396,-0.31597200977305606,0.552111709884205,-0.3423184907654411,-0.8691201071247192,0.1792362822932092,0.468131638102085,0.42076145068637594,0.3295177627593642,-0.46435196577404536,-0.8539349656010913,-0.11956534587470746,-0.42478830129249223,0.03274657482066634,-0.10093591309233774,0.5270868183786894,-0.31898347896812296,0.6628737341736564,-0.39956320133811496,-0.9470375958839852,-0.8404342092483148,-0.44610435439933704,-0.0708038550957002,-0.30502309877218825,-0.5152403777006542,0.8047862822390495,-0.36793209837700114
0.2812492818804704,-0.7110339659633889,0.1321366442160441,-0.26141955863040267,0.7778071871941648,-0.12988499737687365,0.9082868519726051,-0.7504278235895621,0.4868385388566898,-0.43687106936989206,0.22565152994138327,0.05242534980891844,-0.6796709014894917,0.934692772242365,-0.11305399182361531,0.6179869019046698,0.9429920015800468,0.6783998199796728,-0.8258275351736477,-0.5036272732030025,0.021293012781203435,0.494056432551192,-0.9966378490764081,0.7007942842006984,-0.4252549871250222,0.8304303885479469,0.5770476678794125,-0.5445709746736804,0.49314661761268286,-0.7953102382886104,0.2349790663271678,0.47346114318959165,-0.6282527781863005,0.8107508168559554,-0.6471881023555657,0.7274208979725412,-0.6746642919956378,0.6582958349895804,0.4857936392137876,-0.1381256764187926,-0.2994287015568986,-0.9296742289434692,-0.591666269794128,0.419548408908496,0.42044279980302535,0.14467961948722774,-0.8497556513138629,-0.03642513531174174,-0.07266667132484894,0.10690723457775486,-0.10207457334959025,0.8530976846645453,-0.325799887560551,-0.8960293397757335,0.032155279993097086,0.5966113128117683,0.4157405738909563,0.8655872275698371,0.8838698361977813,-0.4675740537208952,-0.3234740022584923,-0.4833826897532767,0.21164640001985724,0.12094866134825621
0.31427018610451496,-0.18368115684143804,-0.392340514292427,-0.44763557618183647,0.7906997063665524,0.11798326999736308,-0.9925960475006133,-0.7774894360530982,-0.16645081897857894,0.5314331880496506,-0.13202744331859528,0.16603470927515063,0.6938092311389799,-0.08598827350489446,0.35502640172432876,-0.9230469999804753,0.2661957990009265,0.38029573678236384,0.12514612451130236,-0.4515920693884854,-0.8415201989174341,0.05765254724548763,-0.7064402883108012,0.749983891652432,0.1458808097611426,0.9962932644482425,0.6307690232981442,0.0018899011697288692,0.9637673709524224,-0.3426237601595523,-0.8629999304515008,-0.7156023155051969,0.14923335818053918,0.7762004236990516,-0.5859096915507769,0.2201365769956538,0.0108745567614017,-0.6572181280203049,0.5955583549825219,-0.057264751182889206,0.7343534596650054,-0.6523453395748569,0.1492735069864135,-0.23382101103548547,0.9898697947427249,-0.40453466103268476,0.7395652532682122,0.5582678457560992,0.35191200144000523,0.19465472400628503,-0.041100340595170426,0.8651821769575883,0.07395098399756517,-0.42885462648249195,0.9398730704355172,-0.8575865166531795,-0.9170447209944601,0.7789007057251989,0.15856043397150044,-0.2015148814325305,0.4618955229912767,0.9690633087872873,-0.4588606592579514,0.554076580572219
0.941809567707844,-0.08658298362604522,-0.8750442952474287,-0.3474974956441135,-0.2325924494098346,0.8800924718581993,-0.5708569007964883,0.07123390781215755,-0.5106739810065235,-0.5276109192800547,0.23537840029834367,0.20926145746955727,0.5517335131391559,0.6592483979365531,-0.972029807431736,0.05420638977728354,0.08720839553069526,-0.3755338482182051,0.6803147594803542,-0.7940034471347446,-0.24184869422363953,0.8244651701397181,-0.6934378030355013,-0.560340280985341,0.5087538917465333,-0.4397303643348327,0.11379886807190132,-0.10264027591724001,0.8531612758525808,-0.012592140498107751,-0.28480097315727004,0.06745392564670105,-0.2601655592578205,-0.1282854634384356,0.05038275748220933,-0.9102589074581406,0.7827193970878179,0.7294233938755277,-0.6202794952793496,-0.35355205537543033,-0.8819721376227778,-0.9886902674532505,0.32388233730933846,0.3711161350794161,0.4466058004915525,0.2158112546288944,-0.2259461555092408,-0.6557713536926935,-0.2021911302276611,0.9546833147679219,-0.8407124374298762,-0.22414543537699538,0.17946059899226863,0.9509267495979812,-0.5100460853475632,0.016164231121381434,-0.45314241809508926,0.4490538877934471,-0.8906638572178791,-0.9336691428393655,0.6832202078404221,0.7041802424161605,-0.19276891103739935,0.7023980103033207
-0.6240648173253116,0.2759505880442319,0.08380013809614728,-0.3593805369999481,-0.4102967546295371,0.8188204343876986,-0.25960921007685944,0.5706381239941292,0.6867780472162279,-0.27544398275480164,-0.48188953158714765,-0.7633354565710431,0.9401669610052226,-0.7100627428607089,-0.22858237871144427,-0.6977403816804202,-0.1757408702402361,-0.9136070003966905,0.23684695514539,0.3883606457196678,-0.2701065850180526,-0.10854367706313717,0.5413912294111638,0.529998425779211,-0.9159300193017699,0.30098850819601375,-0.7449294747798965,0.21070590491428254,-0.2918024532831329,-0.1967278460352353,-0.20106845154069508,-0.28143606824203293,-0.5683808985633865,0.3581131681311909,-0.9402411776307973,0.014747808385970007,0.5415823079834841,-0.41361970003638615,0.17322370433958345,0.599887333998673,-0.2685313051932041,0.03078419653930009,-0.32484273426316834,-0.885682291207476,0.6931769210745042,0.5128241528373625,0.061934570480965956,0.08972558418258414,0.8806196960764374,-0.03981985175881109,-0.8307361378346931,-0.5313316370819317,0.32278554419692607,0.8816168046143218,-0.3717902839724203,0.08662701749872714,-0.03173490124427114,0.21007107924235524,-0.2895319623201338,0.7487293522154412,-0.5747465897857162,-0.7205364412765796,-0.13503459227949244,-0.29434355743384977
-0.006691170130277868,-0.4189194403507639,0.5282502860493208,0.3735451113182118,-0.37916619248644134,-0.2469927742025957,0.705456236544598,-0.7764634935479968,0.6378752015110924,-0.9744855395139833,0.24724322365596008,-0.8200980256268062,0.18408513470487042,0.15795739200286407,-0.6447861589190134,-0.566637419838641,0.4849177952376933,-0.5084878649670632,-0.826389985846387,-0.3052311958519751,0.30870753867415723,0.9862059051918408,0.5357850309618566,-0.8170349064610334,-0.37472637693863575,-0.1292468471542514,0.7874925741597465,-0.6669870875707395,-0.4822878970874882,0.06693358482451894,-0.8160552511700565,-0.9893590232220975,-0.6643007211880099,-0.914835664274138,0.7145847461164974,-0.5737789387351009,-0.22201932611224207,-0.07559681651227446,-0.6166557965406849,0.6455503405614136,0.8713156654053229,-0.45105283516309647,-0.8309282099816315,0.6166854657962597,-0.9348520998392724,0.8804646336372199,-0.9472230973725508,0.6538196776627554,-0.7248833223236903,0.291818506349921,0.5884556982598592,-0.6394777224696648,-0.17430198506437256,-0.6259976279507928,0.16187640016005767,-0.1252333043530307,0.8915411417392085,-0.25490003948784534,0.8611469814295809,-0.1549200289299817,-0.4600989065270209,-0.9777412107766861,0.9907466844161912,0.661090079548035
-0.2727843353925872,0.7925218967204619,0.34724527262789495,-0.0888579818363393,0.09269527242343023,0.5606540419940866,0.8116774798100976,-0.44627663923182603,-0.2942019361631407,-0.18168765807539256,0.5783358771231824,-0.979207867300042,-0.9687052085849657,-0.9022204886339227,0.6669424894636311,-0.19141982895761256,-0.0741263758768298,0.7165814638712709,-0.4012017787945319,0.5639797474085393,-0.7766973036854665,0.43546772575205983,0.9907697725516953,0.12028353001470071,0.6933244770442035,-0.4870823722309481,-0.5109257950027724,0.6897866842961342,0.788692734686548,-0.6425292100983881,0.46801870698946213,0.7075698507573993,-0.30377704057209254,-0.5629461938152509,0.6990528656640511,-0.5259413237876036,-0.3409327920894687,-0.9575717134913053,-0.10935759206793061,0.10288526661378139,-0.13000799192437662,0.9054415746734827,0.05007867860066817,0.5571018785048818,-0.941394097832777,-0.3059255471870934,0.8836740838503279,-0.6582359802430597,-0.8673270524095027,-0.31220818077552837,-0.5021681850227935,0.355247189904198,-0.8830926133390782,0.8707374954977578,0.6566261849824315,-0.22373042282406885,-0.38307666916695027,-0.17579948371748189,0.810113032105801,-0.10584090548476621,-0.9244923898645949,0.886421938181154,-0.1560300063348492,0.1685062480030619
-0.3906822736652982,-0.6138662442068945,0.5022802974828984,-0.5743158952825178,-0.28754730985144117,0.44498865534165044,-0.13984890492409185,-0.6300240875003416,-0.45754703366696003,-0.3202351358945479,-0.8659962233107505,-0.6857205410213987,-0.6561590063606992,0.6319801958964846,-0.33272804795956934,-0.5039038387889156,0.24191478365918884,-0.7016618903116401,0.5866014143903266,0.6150157148839956,0.7704499941875778,-0.30203274388143875,0.578227803866318,0.6951290180655656,0.4331143809817557,-0.5444344097975222,0.14355406998664466,0.5056923635746107,0.22886344162186534,0.15266078006549622,0.47265679730600674,-0.16346824321402376,-0.5696581260061122,-0.44659262824346624,0.7406082883106906,0.18233486193961235,-0.8613252255387036,-0.33429295843035267,-0.04743832037524642,-0.5408914372137426,0.782667051216736,0.07217381905025921,0.4557080161628162,-0.7284646296791388,0.4544923249276138,-0.5194480044768595,-0.7120134481018017,-0.7707609216111551,0.1855936176744577,-0.4649423209933661,0.0918160579423335,-0.04210163044542625,0.01985574839088544,-0.942426839994291,-0.9053749728888609,-0.3492960980271851,-0.04896314404494739,0.6083828610702096,0.7090463437882784,0.07552643182810348,0.2005363715303441,-0.5956601398028709,0.44342706852985336,-0.6184994756516031
0.41566163334486084,-0.06250852127690498,0.2866709132688625,-0.6651300823941226,0.7200469334204322,-0.6328285086979297,-0.9691828988327558,0.5991264584379461,-0.4638778609172758,0.9547635411675577,0.2095669770392421,-0.6670693329610831,-0.5746766846785176,0.4653687299608211,-0.6502662950024471,0.20191685094938694,-0.26124051177464325,0.6162070658867709,-0.6965143288633795,-0.5768049247366152,-0.784724240874215,0.9314756233139005,0.7175179222241681,-0.47681711368503277,0.9228495436929136,-0.690593750867811,0.2825929440691062,-0.007478724168364703,0.7215237707253583,0.506580815286688,0.9625791562546677,0.6289920374501721,-0.905258342431565,-0.6465891956497245,-0.6373899127025318,0.9015101287574507,-0.3958599139318182,0.44222390953711455,0.9581761888057836,0.9692491806919645,-0.9016013086627266,-0.9114797002465962,0.9843881185796903,-0.5429998807294336,0.12799489386716512,-0.60319362526675,-0.2186107141685396,0.8314621332287575,0.08594420291385596,0.15131097283645634,-0.3226942854393091,0.5567087566601199,-0.9448692029178045,-0.6203405089663137,0.5682172534395036,-0.6323872424883539,-0.04460530642633187,0.15710583704030467,-0.5880591015559169,0.19685682009851457,-0.3606642540482683,-0.38545160973534176,0.8867897142083185,0.5791982529397404
-0.37221868215085374,-0.007619651253938375,0.07784031109030787,0.20683084114427475,-0.30936448801110905,-0.14827764777429753,0.39995811451667707,0.6541759689329925,-0.5981729330862524,-0.2713596751650904,0.6620562569228285,0.3124904112263487,-0.6536873347505021,-0.6276549010427321,-0.08280295088013379,-0.8140125241466891,0.46951837126361684,0.3615594619189426,-0.5492308178769152,-0.2733684779853176,0.12321536400450395,-0.3031889439578732,-0.45742596658089774,0.21925760291239316,0.7969676300496782,-0.7505407240078623,-0.4425075358377,0.16876478669418438,0.506518217943831,-0.7154804968117296,-0.4763223229285911,0.6201606135708908,0.9571454668448156,-0.19226627965814114,0.46091018720796706,0.4573749061814196,0.12187591712515422,0.9411784574437576,-0.8775666071440871,0.35236990502033505,0.46872898088787385,0.1833912300761904,-0.8101618186010906,0.3942297661820402,0.9440590627311352,-0.10829473995308714,0.38761004235747887,0.34519722264898656,0.7411938308803336,0.19030370749747605,-0.2533878513052865,-0.8036861012230321,-0.18217824727806664,-0.7543166268017703,-0.09592379773924153,0.47515580796766566,-0.5440157794575238,-0.8416437436564865,0.978635736432832,0.1988136443408859,-0.6134682004892889,-0.9756737691341588,-0.4493506781786598,-0.520758760163009
-0.9060427543252894,0.565527125953919,0.14423978547497196,-0.810417585126258,-0.7868457193970004,0.1784404905408865,0.6082263229673617,0.4360876202094903,0.9297960353276471,-0.331640797173381,-0.3193855325407877,-0.9362554586557426,-0.45257240233074447,0.05434301135002273,0.7469167603007183,0.6828629209344237,-0.1480273194449837,0.5971591520563775,-0.41597552937074944,0.3358945413210106,0.6296628063345688,-0.9418481505937948,-0.7163433499687457,-0.8964473541498066,-0.2603240577363477,-0.8396161527062143,-0.5705633969838224,-0.3303869158576458,-0.22564933504704787,-0.3194318612667282,-0.4069104527266023,-0.2685547544376323,-0.9132261480040518,-0.7937742992543,-0.8095389204099082,-0.5456856873942642,-0.7099370715342457,0.6916448894702576,0.6365280523920289,0.1651095633120625,-0.5589059103144736,-0.5235074624802256,0.016484778928632426,-0.2661398382998732,0.7991454845739405,0.6511628865216434,-0.8290045015257739,0.8775736047235114,0.42737749942073533,-0.3688814701923826,0.9829240851864081,0.038714260479826956,-0.8359541438126643,0.579763227601958,0.34364180459639204,0.7903644934945768,-0.47946729939537724,-0.1290109368487531,0.3408347298845864,0.5302911397137089,0.5293038036711601,-0.8075945115936407,-0.26624966862926125,0.08313683882326273
0.271512826327839,0.9344311130816381,-0.216581624663005,-0.9036570793363612,-0.2855080325256394,-0.6022427998561277,-0.3689896878456016,-0.5649968771390177,0.3563169485474651,0.031095416065602288,-0.24448395072426,0.6133473370359512,-0.9696213469449129,0.3238590628706346,0.21407717543260407,0.01382030360308839,-0.2632146243215605,-0.47048178404216934,-0.39012428796755927,-0.5155313114549995,0.6334590257656414,0.5588047167470607,-0.48946892078919046,0.05418387913150946,0.34083314429744305,-0.7888737537591124,0.5583289674418364,-0.19369210856436436,-0.570154147740507,-0.5592971468266752,-0.3910850178976033,0.44778477847372966,0.02742902038799855,0.8296937777750613,-0.479986667001731,-0.11529491099504519,0.10668165143499375,0.5573123962337692,0.6839150490234229,0.9555970037677415,0.5585244510881202,-0.35132934526000326,-0.11124751092218688,-0.8121948347111785,0.31946099299883635,0.9981877156972618,0.24888661950242685,-0.2563266369245454,0.0429214473692725,0.04808363002264904,0.6887692377998051,-0.5387571283287769,0.057153382856947044,0.8544474606662944,0.43979847275785366,0.09389626044425992,0.2280978369221387,-0.1744635789568485,-0.3919057868812357,-0.9307001992268205,0.018243305766850293,0.51359631966074,-0.0032370432999258014,-0.03821259487283335
-0.9573678762767559,0.5545754143542094,0.5684548233193614,0.6741383257294356,0.8478871162606127,-0.19995473089309734,-0.914377709747024,0.9210103532389129,0.6810258646196499,0.09828007694114471,-0.9201416587364206,0.9080109376932191,-0.6726079479399185,0.5370963400467914,-0.65233878958792,-0.3975630437139781,0.41483023362350924,-0.6091922588796619,0.5900410553074964,-0.6772688508261391,-0.36587004240696674,-0.3324710203979522,-0.920903404151781,0.1627588276506753,0.027285186109267112,-0.06001015736085202,0.5552118930920504,0.6793512537964854,-0.5374356186201137,0.1896050619335996,-0.7767171866459919,-0.5955162763611845,0.44811371834778324,-0.47373072669290894,0.681118816958405,-0.022372064343335163,-0.9173204927302776,0.9677219697293009,0.06012878091273244,0.43555247062316926,-0.14123962432841464,0.8349427668982841,0.511347739166887,0.8151227612942857,-0.9900639503504645,0.6272954174473664,0.807908977268909,-0.7527316357854448,-0.09532777693931949,-0.7088870706234924,0.08479738000038495,0.3169495578779016,-0.5534972424535889,-0.7537769662774747,0.08864708191074966,-0.3716888559442282,-0.6942637972596202,-0.14137401629092317,-0.9140805997305259,0.1320037741931328,0.7368144479836805,0.3730908413543865,-0.6764453135136044,-0.9296055384619744
-0.5890167102164676,0.4295982497489528,-0.2648797783551273,-0.7048311012173438,0.46466214559544206,-0.25400924172694084,-0.22573065641466616,-0.22619462635197762,0.8987096388736104,0.36143351620345654,-0.5745243158558864,-0.5534517003262018,0.7851710308236142,0.9573348093024192,0.7957423043892788,0.2940087065585293,0.8706078105288941,0.8190065161934519,0.6413581140527076,-0.02037249553265852,-0.10258756206606345,0.920072508069335,0.3069301399876123,0.9185927102494134,0.8204524953834496,0.3130274722242494,-0.6234394458050347,-0.2039792057226164,0.8843655100040289,0.9330448622881515,0.7036527556375716,-0.3780103821329859,0.21267488782444932,-0.28618632854724746,-0.1186460905466502,-0.2696978724917738,0.10100391901397265,-0.8742389023738641,0.3058144227624484,0.5383178873854488,0.5551451221855981,-0.2845801432004167,0.8425998961186163,0.7808751111126953,-0.8297446151790542,0.15171803880275414,0.8920469525126931,0.8097297978942057,0.7546893179844922,0.689249225854454,-0.570240157149962,0.7528053514199422,-0.9535297670672538,0.30996790049558864,0.48883397564618813,0.8993449611333701,-0.22288159898686155,-0.8627437696932683,0.3214165910455804,0.3570751634577607,-0.8705752228796466,0.47617934714649257,-0.73485273493864,0.4958124975360294
0.33912554526859284,-0.3987587776592916,0.21827602051889805,0.8080579762496718,-0.8584054166035757,0.9800786792834633,0.25311963027161255,-0.65188241045948,-0.16337607390003273,0.3656004104111894,0.5681568301017581,0.35895328503831236,-0.4405291591052132,-0.35835108132156024,0.6920127541314052,0.043850041122141414,-0.8600026446482547,-0.7131070141747222,-0.730888480773326,0.37818224411421,-0.01460687087301249,-0.9557723143387131,-0.20646690679914004,0.9009684895848695,0.6767533934471663,-0.6862126380862128,-0.32489200081319725,0.24095451214499342,-0.6299509790656239,-0.5175238315049828,-0.6722649207658415,0.7753238738427182,-0.3006363173840756,-0.3336532277887416,-0.8667266229210437,-0.7440695479385049,0.7092205114770187,0.7916589525190232,0.9046662602070525,-0.29477857269419916,0.2627704710596641,0.6535263883421298,-0.11011429224089753,-0.04304038505180774,-0.6142572126875379,-0.2448554853776137,0.45205887885672125,-0.28400782663472746,-0.5856548345412487,-0.28271012631309733,-0.7312149081094867,-0.8250827455820207,0.8396161026434656,-0.3121252785197013,-0.08424490387549732,0.7184664833972645,0.9004925862052893,0.1032659664115878,0.39852843542884564,-0.23042705593210244,0.5092274842727313,0.90744327979224,0.3989567317886369,-0.7959633528313106
-0.2718651351143824,-0.09158106283759126,0.27094070647426816,-0.42019500140990207,0.17567581874334515,-0.32798903894446796,0.24813568314675627,0.9457047472465985,-0.3189364206873231,0.46320183067562426,-0.9856742021210061,0.38439075578109194,-0.2441185800560186,0.4280996476729353,-0.38549505283638097,0.1043402406895304,0.9448229945871294,-0.12642428489357083,0.881525869647916,-0.2578831199771281,-0.4897154352532247,-0.34427749343495373,-0.7140345477098351,-0.9033983743154002,0.639006624201498,0.9158346943690989,-0.4447690042601593,-0.7904031871322952,0.08860852808903807,0.46185834779083734,-0.3886762485502322,-0.5287430251533161,-0.06161529007706301,0.2085689942546789,-0.19959371760678923,-0.28654057219111695,0.5393008607082828,-0.6748024786037499,-0.8036035215661412,0.12081959834621969,-0.3279129070124316,0.6276933951111818,-0.2714408011673419,0.5521718080633451,-0.7378591024916408,0.5152223732925856,-0.8834690392748223,-0.4777630510462232,-0.46460767651216983,0.42526823916169487,-0.9973685759277655,-0.795429960693705,-0.46351291054366484,-0.35932852703308327,0.7189220244531174,-0.21834226995140638,0.5992556170633501,-0.8583857434418758,0.30336336623761406,0.8895190793554724,0.0619175453926788,-0.4414181729607123,-0.3242130106384966,-0.02415969799629769
-0.4204345522766382,-0.34533571927782036,0.06600060292191934,-0.8727431648261237,0.7440313946411461,-0.08529115264706566,-0.284143472107071,-0.8749211539229571,-0.8821050356952469,0.11183968276863299,-0.7739715111647716,0.5947033760605092,-0.7833405137704725,0.6340254748826557,0.9627370951902363,0.8852103026156082,-0.5921522302225024,0.5006151302900663,-0.23253148329264617,0.6172104992102756,-0.2407590066805514,0.08171227149259619,0.018015142841756537,0.4141400695158943,-0.6762552021498531,0.7198719501876447,0.775235176167087,0.060847980727525286,0.4873093932280226,-0.5759381397049748,-0.08079636981030669,0.6001790885642329,0.3100140650274379,-0.8962972898127524,0.49884625678411165,-0.376092716644012,-0.5303460569443155,-0.08824523089903358,-0.8656197084288313,0.6789464267481071,-0.20095627439759745,0.21799138961225006,-0.8024325610951495,-0.35006538371256735,0.016292028436390327,0.41987134986821895,0.9691613428767996,0.665218933243436,0.2672398697462217,-0.8395176800433295,-0.668657572519719,-0.07869600943452482,-0.1696917853102098,-0.21060842667705715,-0.30147010188393764,-0.7725466408666759,-0.6780764898644009,-0.25047463889932287,0.06717960365656239,-0.1982941662081581,-0.38527712572562645,-0.7519110234667432,0.3681701301003648,-0.16729311043637196
0.003824939898737112,0.6314669995499227,-0.6070281130667536,-0.5032404539990583,-0.5167245961900986,-0.6902005875317967,-0.862748113358216,-0.33214865019066075,-0.15329385700105758,-0.9645966294694741,-0.5984544876715991,0.32875727283076306,0.4683984249361224,0.982102208411118,0.2613845576050451,-0.4666209314601717,-0.4141590577936223,-0.6925910540553359,0.3923144025138039,0.6051606832663361,-0.8065464618742715,0.9204764339707834,0.14667679759018015,0.7196625374670345,0.16889409727046623,0.7567094160927754,-0.9377637816288487,-0.24200277724243935,0.27852928136915356,0.3438344639544202,0.9808788960237653,-0.7268681607151817,0.6346926995327824,0.08084399675499054,-0.5019883014897382,0.5357212282537962,-0.09208465335842075,-0.45503168635857705,-0.8567512897142255,0.4668138964989885,0.7682959258482929,0.26609182633534134,-0.3911224147499519,0.762543939179883,0.8350750965363152,-0.4194521588870572,-0.9747159891425186,-0.5901281958458058,0.14477940489504415,0.8533320992852849,0.12571494857800203,-0.5045095515949112,-0.2727864238045654,0.7315269401095397,-0.6736350753580225,0.1581646458144168,-0.8066227147460301,0.9353119610078828,0.8203761934351266,0.8196841718706003,0.20896498599506264,0.20113634431884453,0.09223446127252855,-0.9578623554704091
-0.45722394880354855,0.7898494297515497,0.2740940487354735,-0.05599718470413251,-0.08437676796731175,-0.13587759985819248,-0.14423543992891452,0.08358663636138286,0.029252185324563973,0.2763259895129393,-0.485130079222873,0.6080874464019703,0.8642981590175385,0.2661009227008939,0.44883770670297474,-0.13859216125849394,0.021530280804510138,-0.5693979598329921,-0.289108030569901,0.08937401260926991,-0.05588821706646341,0.810691926104864,0.06369121188863303,0.42006809795535394,-0.01570238648933242,0.8636354750246789,0.17311401997733222,-0.7400165928258706,-0.6726393550461887,-0.41153464170236154,-0.0865811273681869,0.8881376734574713,0.07368989873221699,-0.6304892045179242,0.09329640172749998,0.18585841138122738,0.6263113227149446,0.7565182281328853,0.29411851225353014,-0.7427912339943361,-0.6623280964719238,0.8177316001245656,-0.7235692981942685,0.6336802193201432,-0.608598390400857,-0.64490820281964,0.23666257812958702,-0.3614788901646111,0.8171942783049888,-0.2452558165306522,-0.23194193321050105,0.5997760687936344,-0.8559675359373122,-0.9400489709851383,0.5639889170907055,-0.4907893403900243,-0.7122379782730028,0.4613110561899043,0.16879378569774217,-0.09804824320336603,0.4050248170345878,0.6661512201069713,-0.8696380698286532,-0.36517253971376773
-0.9419912415712162,-0.9412416565726205,-0.8202487603487092,0.8754115726696816,0.7985076762167787,-0.2622502624242973,-0.9741737442536795,0.035423618233073384,-0.17680775722511322,-0.8188767870728348,0.9486706813805634,0.5753834513794751,0.15743923658848624,0.18195588876466995,-0.415005467730297,0.15746348933508658,0.7241305529272448,0.137363555688786,-0.23714442729087581,-0.6523311320190639,-0.6361304594784738,0.6133498653071088,0.22975372178800524,-0.6196638996247086,0.2976416172803522,0.36590089702372475,-0.2052666724920731,-0.7564669983563799,0.38649101713846945,0.8008055825821188,-0.8618948521567149,-0.3495029965935066,-0.9050392282876758,0.6011812383995669,0.1149925621030834,-0.8515320088407565,0.8747357900831512,0.491685164587673,-0.7876561936594926,-0.03104514434666572,-0.7134580642949035,0.3925439147359655,0.8280083161287708,-0.518834532164181,-0.1969998722536621,-0.6447124307131618,-0.2530395633220561,-0.41643338746383796,-0.947822520788578,-0.4697351046093725,0.5198663930885965,0.3458985780794366,-0.21446285390909625,0.2529571497030427,-0.260254989916062,-0.11119376778196366,-0.48892664322698476,-0.5434093591069953,-0.039812707755694454,-0.4877066914188497,0.29259707840180726,-0.8375832188647234,0.557377660411154,-0.5658063826893986
-0.5044216100623942,0.013617166548539172,0.8296654446295542,0.8926213814663342,0.12342857082908076,-0.40634312559328345,0.03542605982646907,0.5033515760149492,-0.014020663672919209,-0.6554763105554338,-0.8979252590738822,0.7912548910241664,-0.1895251711298478,-0.4557132522653702,0.5619916007890955,0.7967649479145458,-0.4838351790596114,0.8544881582077404,0.72860030588716,0.8971401226619595,-0.5363798517404269,-0.5230332332353604,0.5949351025256877,-0.39678240919139895,0.12361637322401284,-0.8278322777600315,0.4542702041224067,-0.8693011296685098,0.2597296339121873,-0.6236478448760319,-0.7600308467571308,-0.641686688968323,0.29351612982662467,-0.8519117797166209,0.022733793130410795,-0.6836491993829776,0.4021793455961151,0.7699822389224171,0.3356582454061312,0.5676836510140628,-0.6407008906655207,0.7125449110954687,-0.8496177946865919,0.15740941846347067,-0.7732653392118565,-0.3938302848690234,-0.13714095272231197,-0.6050527884964152,-0.32793515909418547,-0.09395554471169909,0.5297526025653319,-0.12634184401399384,0.8687052935608479,-0.8796580359701962,-0.5686706810254596,-0.7971723915698752,-0.9544532978163989,0.8091554025998449,-0.34374222933954157,-0.990349070171419,-0.5777004991707131,-0.5337026077303078,-0.3484083343206572,0.4481510697288347
-0.9955664070664298,0.8512758902927746,-0.7444196433137005,-0.11855128326432185,-0.16363526011471552,-0.7245889693925118,-0.2802885002441584,0.31376888211708565,0.6748053069389435,0.40022082123064906,-0.517875620495809,-0.7144140041311933,0.7210334375643428,-0.8055229816735905,0.5870671305947899,0.1918664764578979,0.3656063351877188,-0.12589559664977412,0.6959052810912869,-0.45702317688437977,0.7226783538731103,0.7799345067716543,0.36449668792010304,0.25243411746007705,-0.7049980850436304,0.02145613412471148,-0.12758696442757422,-0.3010519067900601,-0.9869398501880258,0.6666414811438093,0.2765287084977215,-0.27708988134533574,-0.8300981967201928,-0.7240585446334871,0.2546422493032927,0.10215967785527824,-0.8422031304441713,0.2067350259512073,0.40135020678489997,0.5682970986040541,-0.16904626729585148,-0.13237063764509394,0.009382922640635005,-0.9714037654861385,0.49400089037731165,-0.8274986226731047,0.7547741652235394,0.3292294032836227,0.5978716976615961,-0.37339348929600535,-0.1123026425363629,0.05124851623171445,-0.7863652322192394,-0.6550106875943891,0.3148688058946747,0.7512697340437826,-0.5957844344107357,-0.5484028869591333,-0.11636882480135591,-0.8055452014547224,0.47067904092903023,0.5948358150717477,0.4022555701375232,0.13917372778489212
-0.9484386579046498,-0.11623018632000348,0.26802971249391083,0.5398434257441715,0.15888362298640524,0.9070897586365456,0.445652432983658,-0.8659765226653531,0.7281451279076034,-0.6008020710812954,-0.2694492579522776,0.5296458067060712,0.6449499637323737,-0.9259229272184757,-0.2753908798622875,0.4388008765358704,-0.4661695514938018,0.7071271015158009,0.6822973365197895,0.29266730259684803,-0.7971967941845484,0.07729534421809747,-0.024575990596920283,-0.8513105074855578,0.5403800180055123,0.2403761434499303,-0.013647243991142366,-0.013221364877446629,0.28076072200026947,0.509339979337115,0.5132401562678957,0.30078087494732175,0.9994073496321272,-0.8142863804291991,0.5686317480368139,-0.490349579709648,0.3404735493130242,0.65210235842094,0.4704598246949041,-0.5840196109039593,0.5901583766146363,0.26428427166224755,0.443583965242901,0.6516281554973617,-0.8100206416239633,-0.7682964630086109,-0.17101583767981454,0.2877433879021183,-0.30189905169042563,0.44802439595109833,-0.40570087546785083,0.9670768830208236,0.12299797353838415,-0.38366227906461603,0.491476217704528,-0.12795680481606597,-0.7029482740289859,-0.3876664299627868,-0.47744669816559204,0.13843159444757913,-0.6245179027102279,-0.7638485164640496,0.788028530666499,0.8718215997374599
0.22202486990290216,-0.15151585659113453,0.5025162980197182,0.666397633322088,-0.6579670919135181,0.5392483203267153,0.7397004917670664,0.5439116056819431,-0.5971700258077564,-0.25231636686698633,-0.29208713188688407,0.8918375580381672,0.747214543082175,0.9487863232376348,0.84226082320805,-0.9026519165664368,-0.7137273619118052,-0.9684808140933736,0.8324142703241368,0.7617917948852821,-0.6889952643259449,-0.9749678786616507,0.9100463618013097,0.35536564797146375,-0.4297882308418972,0.3315762632756576,0.5538196407731304,-0.49839176239318617,-0.04688351497210719,-0.3517994010646055,0.5201932999623731,0.9099873551610267,0.4421310201151123,-0.2063901621019304,-0.9679452810985705,-0.17920730884595248,-0.7979227970251814,-0.10182449502116775,-0.03836340512761516,0.7613192620258569,-0.3176165529057733,-0.006958473506039731,-0.36172838436001276,0.42878413544383154,0.3480360242352052,-0.2968273385983857,0.30333057622606696,-0.9543217850547006,0.01635093578314084,-0.4888004446363101,0.7307811026316287,-0.5305641849845117,0.7863586966273379,-0.09159238318436413,0.772907727717784,0.5117841986959573,-0.019910818542205888,-0.1602471518350035,-0.8973946474235348,-0.24263160299857622,-0.9606151911135086,0.935316348876599,-0.3519325860440887,-0.12266292331288886
-0.6796126903149555,-0.1417671430227423,-0.5402957902291392,-0.3679833639789494,-0.0767179503727129,0.5296631700752485,-0.5748368918666715,-0.3501274586681755,-0.027643007909189166,-0.7581076196652512,0.3020444367564974,0.974817459244437,0.16441146334123413,0.9178119449613704,-0.9444762045856314,-0.8809011244623719,0.6861613220748903,-0.11355942793688234,-0.5574481534787084,-0.9901232922734267,0.33144147727601614,0.45291413105830647,0.06027802801440285,0.3440106688469846,-0.9099906009782819,-0.7428110655162112,-0.20857284710216195,-0.7093154939283732,-0.28210507506022875,-0.4858621107962209,0.12273683586111694,0.3159060373626408,-0.27163833905807966,-0.7800571077102865,-0.026780924037799858,-0.7014449439590258,0.5006862123311062,-0.9114780319943396,0.41598387294917183,-0.21656844247184592,0.13847559072840787,-0.49144816745584374,-0.05246427325439629,-0.30278305119169646,-0.6132444604889165,-0.3933199859739267,0.9296725056030868,-0.6572802838145622,-0.9081495941497151,-0.12689552409847749,0.5022802613579327,-0.3711637763854483,-0.48348322204424776,0.16161387044770348,-0.04497364156598249,-0.9362539773604612,0.9335749585142552,-0.6136296355134565,0.6261576120483414,-0.18286419490308448,-0.5798530900431664,-0.3866443575390248,-0.9893034554529461,0.506044711916467
-0.8570088701626639,-0.6578913895616922,-0.1692768600654062,-0.5725044632817968,0.4130782201379599,-0.9784376456113859,-0.35899955609019907,-0.1795897888228124,0.41244880047596544,0.6498192882986771,-0.26249628017974636,0.5718839872926553,0.2254781137759092,-0.7452538833625905,0.4117083907762964,-0.848673411298692,-0.9393346940874463,-0.43194048755442616,-0.8652574235707153,0.7580703044834392,-0.812778067440868,-0.04288853897309486,-0.49331088868951833,-0.6220834231720156,-0.27460929206049256,-0.45554550805828153,0.724689446288447,-0.8734070201621835,0.6892526633678937,0.3996241384028878,-0.9522265348917365,0.08460928044168714,0.3847821404193381,-0.08800861953636963,0.0897302089130152,0.3049422794522565,0.2818491633762612,-0.5720837775373226,-0.7545811701776506,0.5683259567647643,0.9915874635036224,-0.6495386137283534,0.9875240628094242,0.9638460172559453,0.7310715553926161,0.9860984975178708,0.14345393877974177,-0.5598580541409521,0.9421453071985764,0.2045404660885215,-0.18216369927379472,-0.46699835802558964,0.12987544014190933,-0.2733516407647336,-0.3263591938767494,-0.5370154079259819,0.8872323109845319,-0.8519715208630694,-0.7853256309436445,-0.057099824191116255,-0.5538134576773874,-0.4055181575990485,-0.38065444252298986,-0.8700217014429881
-0.17740141095012385,0.11589622101732155,-0.36421078791474426,0.06591651934833775,-0.8069393758834309,-0.3820844169049957,-0.7010252193254467,0.4272346038097681,-0.15589730654499934,0.6033157399866664,-0.35975762256015287,-0.7066403211727845,0.09036648744019438,-0.8814511162150884,-0.981043930405036,0.32464030524232657,0.7334623642227294,-0.6408362889797716,-0.5729124166990116,-0.5802737046298876,-0.26774799337892863,-0.6459941290332942,-0.7697918236283103,-0.8752043825902236,0.4016752273936781,0.4845844141465392,0.31257182414924434,-0.6565684770644584,-0.9944428045144011,0.6698871809908487,0.5628252093232411,-0.5378688933523197,-0.49421470370442155,0.5108380876358505,-0.3595554887548187,-0.32201823670746155,0.8435667497185659,-0.5312458525813499,-0.7989995762845739,-0.8863075346549949,-0.31823037148945743,0.3018026586512592,-0.08983613053990447,0.46040007942219385,-0.9987626497896676,0.6662765533980455,-0.11839808972751453,-0.1037855412753601,0.7325955132295161,0.9651430722891532,0.25582435050720553,0.068866990733087,0.264152399887313,-0.11725210257368324,-0.2205768721918231,0.5904678341268805,-0.33884061734564774,0.039642442946438816,0.9468025408299543,-0.42649355372714526,0.2967840764489862,0.6008299604401384,-0.21167848441935844,0.4267582756067516
-0.49521130305991723,0.43847596043798553,-0.5515901333647353,-0.609206494367724,0.46637383651029607,0.11412744621846804,0.9532515854072834,-0.6699332906087556,0.3860967332612486,0.46043051330174434,0.456105319343062,-0.5081898131819664,0.2788930996113175,0.13349155985713757,-0.3222479579033448,0.23603425519128973,-0.5781349620645606,-0.0021833497854721884,-0.6226702340489412,-0.6805387931086193,0.033497381259614656,-0.4138978555312589,0.9243798561069354,-0.7067271861609903,0.8338072433260195,0.6274670574726926,0.15386673822000874,0.18058208355505112,0.43046948293446796,0.5166258461662041,-0.008045303970133144,-0.1713433775275075,-0.304956814050386,-0.2585504516297761,-0.315637207976577,-0.60519094576604,-0.6444373747639749,-0.4656915424085184,-0.8974344726590273,0.8316120020786955,0.36754823909913137,-0.8034938550710065,-0.7143240198430691,0.2909670925254062,-0.7950027024984476,0.4267086738271566,-0.6131844375712963,0.7129221112099657,-0.15596342100216254,0.8585295136952065,-0.15136534758382147,0.49814316605968,-0.5843760610713629,0.013275358608268784,0.03741045640094609,-0.321593639475402,-0.9852060432026251,0.5907234530868635,-0.8432652937508562,0.827881859453147,0.07425485048803271,-0.08451431428445821,-0.20697252467604232,0.30671283093107604
0.32417783596433014,0.6201379218707586,-0.542566849121924,0.48052480534448194,0.9887136240796326,0.0303077623917829,-0.4185337565026268,0.058662589443160496,0.672852793150335,0.9480336106256126,-0.18236102200517723,0.058300672576660606,0.5287802267953705,-0.5532243087678785,-0.3665317469908054,-0.2142737016123577,0.22694207023212254,0.18488411686465067,-0.2643095978669787,0.827536978694265,0.9768120988680176,-0.5077223841672007,-0.5199485512471307,-0.9370406587733375,-0.6297423191537641,-0.13130281435725843,0.055780574252609405,0.5817568565154532,-0.932333089152801,0.032109186649443844,0.23466567005526162,0.473481716692314,-0.30763751814834883,-0.4730917817204354,0.9458432489861965,-0.16728414769981836,-0.8474616525026206,0.8220298589583506,-0.2858051741242571,0.1807464178233149,-0.5815780115928908,0.45810313007716275,-0.9565719014246823,-0.9355855768622383,0.15338329898805214,-0.19676383656306662,-0.8645510156772722,0.45121725935875956,0.008964432653198129,-0.207111858641589,0.08188699099900965,0.8256058980529009,-0.9518631403122875,-0.1087215326772144,-0.9621464409272258,-0.2606265659938609,-0.6869505681782342,0.8914769476246889,0.48792304307010137,0.8495109108153487,-0.34778851940762046,0.7268829063821747,0.8559209808980401,-0.3078718744564044
0.2947640695923204,0.7349949960375952,0.12173957354316989,-0.14533271979636808,-0.10712010188649512,-0.7191854766774202,0.2813787989346703,-0.22772234107928413,0.32179385581993336,-0.12282336553350737,-0.6734468717526414,0.8425157159817718,0.46737914405162506,-0.23581699453932004,-0.4710352353226286,0.7688203046040798,-0.22380474082283452,0.7992337394612306,0.8075136379033523,0.42548244778965216,0.9515428737648353,-0.6951087624699919,0.8634435550109476,0.04525326729184842,-0.28729833600328836,-0.3770004807392562,-0.15244181729849116,0.7717560364404197,-0.7661926460678279,0.5774456051752972,-0.5506934970155299,-0.8507234553214715,-0.9352148072007576,0.13110472368105208,0.761579263502818,-0.014351027675989503,0.41895399947482104,0.2071336036152016,0.0047450681442882114,0.544571424492764,0.6817079452460819,0.5572421831646635,-0.24415682209148848,-0.8207418932902997,-0.08991910513417212,0.006580919474071578,-0.9770830262138774,-0.9381025304130162,-0.08847913786368178,-0.5836534157499673,-0.19009153737623286,-0.23142727247646722,0.04685101099207567,0.463607056649775,-0.816348445577167,0.9496484366566031,-0.7458305490342825,-0.8135485424455116,0.685947949400376,-0.856203521991665,0.06332038803268714,-0.813773132941265,0.18089723818451442,-0.8612625769470408
0.11308072201200936,0.33416023226758007,-0.0275459242833489,0.5848286328541321,-0.35883630306543424,0.2631810218503663,0.36136370227866754,-0.7774159772369997,0.5984944087759163,-0.8575003270854165,-0.1744588382408967,0.6532999082318445,-0.29109388999135977,0.011708702478844035,-0.6747640930912804,0.7918804572607712,0.9180682998876268,-0.2528507008225531,-0.08052779821852485,-0.8151227677985391,-0.08829072496846124,0.07952544286985952,-0.43975017933575566,-0.9720127931838183,-0.7047138449608257,0.3900375176901343,-0.516874883266552,-0.8794109778301822,0.5603658561628604,0.5765441862640446,-0.152159059145758,-0.922180951459123,0.4841305617465441,0.5340588823417949,0.4070322568697864,-0.4785975465221797,-0.27075039929909583,-0.3170014308105926,-0.44463058053710625,-0.6253013288095217,0.1505355769154315,0.8547762094210258,-0.46022310064021665,-0.21802627519274975,-0.5073098318952276,-0.785925379645112,0.667949900369609,0.09515551621028218,-0.5972788282268982,0.615666626925804,-0.4365825906081795,-0.5191539381090455,0.8828260848588716,0.2301192534097738,0.7425471961027503,0.3045418728755629,-0.9613475752176952,0.3868472168611867,-0.48210712289563373,0.24615644769095568,0.687449550607194,-0.6457876472709103,0.5269405856875182,-0.1480458921015504
-0.5330400057289779,-0.8088797738675848,-0.6998537598420675,-0.5456268599996679,0.8574156148177192,0.39924305908423285,0.052097903634464426,-0.6383110733648363,-0.7617741538182814,0.2061594832699032,0.20784410946541976,-0.8550572687110474,-0.5057958896394976,-0.2840954074079459,0.8919906092838796,-0.7583495066208386,-0.9729999798213296,-0.636421182781026,0.6921044284688131,-0.43462517861551375,-0.8020131483602604,0.804485091775651,-0.07281657774634565,0.7634484588831467,-0.38719299625908143,-0.04731851782686114,-0.3538006861224623,-0.9914460355429786,-0.5450675961138589,0.5182053875475185,0.13263526127785874,0.7614084346493364,0.28247872959324183,0.8821477965471853,-0.5940574150525855,0.2359101678793174,0.9001578085431874,0.21014474072653022,-0.8361097511820088,-0.5136088796765901,-0.5780869503175099,-0.4326208438802108,-0.545396955349412,0.3039342794604427,-0.9911912461570649,-0.9067922099726426,-0.8916963220807352,0.051032309380043106,-0.21802031830664248,0.647348673719822,0.7110463838192858,0.6437154416382695,0.5568015479504558,0.501208532147793,0.6995669831694091,0.9447023383252355,0.21227850979046625,-0.14405575971808293,-0.3493846753236076,-0.19804387579202043,-0.3219175319776377,0.4102159148606621,0.34107823942405746,0.8211243284591943
-0.17382636574481558,-0.08122180485713959,-0.20662796937457872,0.6059472699929427,0.9484818115078943,-0.48118971915164344,-0.23689916504458375,0.8021312796508921,0.6969035545019129,-0.4491358037387585,-0.819467794036606,0.08400243076958591,-0.4165028198642118,-0.7456410278621863,-0.13083368942022458,0.30072132421988096,-0.16708462579876593,-0.36963054246222904,-0.6612632471372988,0.716799433174762,-0.1035066042769135,0.01683573300533414,0.6693930984287491,-0.1121907463184415,-0.3872910957348372,-0.7197138169931381,0.29312649229674004,-0.5375296053814784,-0.9021575343543047,0.6139941549275989,-0.12385105449735345,0.38084183783193337,0.5555427213055086,-0.8783176352023847,0.3751420119332549,-0.6009335258677588,-0.23146424087158235,-0.5646701912567866,-0.03904395233460245,0.6946073890248936,0.003962715147402429,0.18813292893886002,0.9167528982447295,0.8010227247066715,-0.8241246180082802,-0.2831331722331374,-0.5086228868384275,-0.015087229124631785,-0.06885849364706376,0.27328735749683064,-0.04948463126068825,-0.429149937399252,0.3687840844413637,0.6918069112503378,-0.4865067888695409,0.9171078649453639,0.0955058002168907,0.13449057034813539,-0.7769051208703093,-0.42548404747873997,-0.5711388368504884,0.10842229747545051,-0.0937965479672489,0.806083491482493
-0.8809130445249203,0.9233590448510778,-0.5480423083202528,0.5047416932911637,0.5866441666610731,0.8044416199611892,-0.2971146218205598,0.49958220193202485,0.9826953645812402,0.6278400422886365,0.5750475202499326,-0.23789291588781536,0.8273265682179638,-0.36767756873496715,0.792080306350327,-0.5537583044509113,0.9567528991101912,-0.85353488582892,0.8158677642070886,0.45927836479965545,-0.16222047377935755,-0.0702778607241683,-0.3396189595667767,0.684086825672461,-0.9415503577334317,-0.9264483997367965,0.9127869431108744,-0.9148631167014336,0.6231088384805485,-0.21034506896987581,0.352410202939196,0.37963728341221237,-0.7348753021464844,-0.20636678693591848,-0.3704406516507359,-0.3557193024340839,0.9077008409043921,0.08960203535570321,-0.27577668938344235,0.17071926014619687,0.38177143462338203,-0.6864389079360962,0.6875994483307448,0.45298397901714194,-0.20528612057091356,-0.18530386763117646,-0.04061117438175854,-0.7853210998002524,-0.8525307821551482,0.09962140678980114,0.44330170045340966,0.7717043455547028,-0.40115916899387805,-0.09327810115631596,0.5751478648997244,0.4026589986444129,0.41986615076828704,-0.22436947478773073,-0.2715994617471029,0.3862202410140154,0.9310572276442288,-0.3960147332183104,0.4463192864343615,-0.9010967095756608
0.8914620353699456,0.2077562732433682,-0.16809788044975238,-0.45943904999347907,-0.003798468607832728,0.6208439390434937,-0.08382294244526811,-0.0033964559291626006,0.554205900033536,-0.2369889032097363,0.9024185368603481,0.4039885003801258,-0.3865440588459199,-0.07031445498307143,-0.7272255433563326,0.12187128961324745,0.9650182792968431,0.07493837383437962,-0.08914364212194337,0.8968114747960456,-0.19694116746065893,-0.6614919197305371,0.12428716111914295,0.32958218133089123,0.5730032780299505,0.5943806546174768,0.526573278017447,-0.7642143853464156,0.49309409460956144,0.5172270396825691,0.48677059434623016,0.3365959833088168,0.3194590763532852,-0.6649794266192977,0.24723340819715256,0.24781496913480816,0.8437298578161045,0.7397949087791844,-0.7670281536699135,0.7628043236561062,0.5661621422733476,0.7615292608910325,0.3463177001381659,-0.7235215408866305,0.8910804496281985,-0.19262628475490318,-0.5611512085188706,-0.14986303077812968,-0.6743093697854967,0.5427727224379191,-0.9417825988306183,-0.07491919053115348,-0.08659316170683917,-0.7280493201168188,0.5316743134189328,-0.6210233530669829,0.23989361773009543,-0.02173569749272697,0.05130228205936049,-0.1302016825916128,0.3580950525510942,-0.44851558802138025,-0.5645626941927266,0.16630159134435707
0.769702132546721,0.9470427096126379,-0.3905510803217582,-0.013263888827242498,-0.40988228678918115,0.7273663110974247,0.8892019164539884,0.3208097030921271,-0.09532567534164604,0.20854849580479806,0.32966155958491616,-0.31148299882846,-0.4983950752983266,0.7757901735588548,-0.4350310784871436,0.5522654223436243,-0.7259331183701683,-0.4074533619123841,0.12789874865679307,-0.06216156484162805,-0.6302079295962499,-0.569484392509108,-0.189250691485904,-0.157114085785252,0.28575730180904824,-0.8405986812876542,-0.9954378058683673,-0.6674174431373792,0.2738982759931059,-0.39042910101772765,0.039847120672132474,-0.4933557688759782,-0.6619112983316184,0.4167362211761718,-0.48520637969774216,-0.2891053121526588,0.36692474359733174,0.3450950139722402,0.5658389084266244,0.9002843549427499,0.343225841330119,-0.6144422950650394,0.9656396813463684,0.12257773375236258,-0.2893521128667722,0.44935573060345635,-0.47373567197418787,0.6043482787650016,-0.6260875370787495,0.42177859427429465,0.10716551383919404,-0.6193741908811949,-0.6261642159005425,-0.9405072656867823,-0.7058663976323352,-0.392943340626025,-0.8209556562815647,-0.9216040577618749,-0.9721885056278041,0.3269324794339199,-0.0734100126431354,-0.09170821285587505,-0.027813759646758918,-0.8504714875900838
0.9270841955349269,0.6870345897821379,0.11869468934314154,-0.47058203756074546,0.32290165229909795,-0.41575306438467385,-0.2443519691422973,-0.3908771557760986,-0.35938388408131305,-0.5811163431631043,-0.2421358595760661,-0.8164078867302291,0.6804889054821488,-0.97096516624565,-0.8136443474859627,0.6082107603043772,-0.5363797891105213,-0.4333288217442095,0.7341675046479679,0.0874575302378362,0.9028465560071488,0.10699034699396814,-0.5586915429785484,0.35092289646443864,-0.5022122705576819,0.7912072957537761,0.7446672905843426,-0.9843421002073944,-0.9680909656116117,-0.08482017388071017,0.09196315672187882,-0.5151336798313892,-0.8382864360925375,0.016246381656024766,0.8118845812893127,-0.9434136813627183,0.2137322248771809,-0.03617482069858413,-0.1156127741158195,0.7261776522117636,0.7701719264907345,-0.49709881729706895,0.023229873371216847,0.37408362829404096,-0.8200779901945507,0.9794673124231048,-0.970364796559325,-0.451080201421975,0.9558852253676751,-0.4800646943130167,0.0753475127400256,-0.8703514906022862,-0.016182414947755852,0.6881788549669343,0.6971527686113843,0.027581451931518952,0.7175052659144923,0.28500932066152673,-0.08795065906159039,-0.20816147551503983,-0.6013527751204308,0.4950872475014727,-0.1543974872864553,-0.801398242805899
0.7322562020818928,0.6583429424640781,-0.4934047839363098,0.6198617456108886,0.19551770312986072,0.2900018077940041,0.22509529466872458,0.38545533935876275,0.3657410850984948,0.5621462849057823,0.5806383882560548,-0.07448163665480756,-0.1817780827908535,-0.22858313227842175,0.8248538559455296,0.8477038003587336,-0.1558243536046835,-0.5546606354478163,0.6657067224475584,-0.3332491189552451,-0.8910004578139754,-0.7126725590743903,-0.3014369348877879,0.7700715012308936,0.8544849527865781,-0.19201437208266192,-0.8813912336628642,0.030762790849198973,-0.23899901137066815,-0.8726063323607856,-0.29051221681791484,-0.9807347867226683,0.75423851764022,0.9586229333483387,0.19487789918032816,0.15685812376772956,-0.1190497434460116,0.37291610274453335,-0.2688646003650459,0.11869922360775398,0.42025856861433497,-0.10395319329726127,0.24566624478186183,-0.49134280490884663,0.14491602096606526,0.8907645657178724,0.46611509068946244,-0.38355438783023543,-0.12318735409916592,0.6252149820663717,0.968297759660153,0.6428157015462033,-0.6533790466489766,0.5637618198014662,0.35135483737743467,-0.9187011757085926,0.7987780830667477,0.9109938728184268,-0.23878137870521687,0.08484694615404842,0.5070731824511923,0.3436743960352673,-0.29094848649739036,0.6313990971454047
-0.8643429226474291,-0.8036074234947914,0.4066480151995875,0.021099706885701508,0.35011774805898255,0.010059585446606734,-0.08575194699462241,-0.06046339592422467,0.8160571903681579,-0.16499340260336925,-0.27313537246540553,0.46839160415201797,-0.1634048427778798,-0.5512526639322404,-0.45197960850632946,0.9541143779986845,0.421400780352879,0.9818540271218534,-0.7382093604352433,0.38197009646908375,0.9159228999683071,0.5533794245877863,-0.45930218441742765,0.7669225060880904,-0.795159134387383,-0.026258931886961268,-0.0015644293431273937,0.9659617845495267,-0.7188844476132561,-0.0822155735365464,-0.6875076637069779,0.7056641904053687,-0.8342518179668945,0.7722875635625028,-0.5883374611562795,0.9535002053546298,-0.2617768718212705,-0.08259595981676693,0.41248251329814223,-0.2512741923967876,-0.3028776662884174,0.0018607694161103527,0.34771852500522676,-0.4810623818332478,-0.49587628885230495,0.33540655089401716,0.6182170542867054,-0.28087677008552414,0.28687018272743225,-0.7862338340397865,0.7033312504829803,-0.537994393880113,-0.3856901431720905,-0.8617155215904979,0.26480917407086046,-0.5101049261964825,-0.33281254998925625,-0.7321571445575621,0.23712049518097778,-0.27559951132601834,-0.2371978648685391,-0.5181240031835337,0.13693919518360698,-0.9152536184638032
0.6029836593477647,0.9047522727344246,0.9921164558614866,-0.2788418590180819,-0.9436002455278221,0.21169136750322282,-0.6982013098126414,-0.19743518171924856,0.8309765880646567,-0.47571590025495336,0.279971273972085,0.46258767473431295,-0.3864981883427585,-0.6155886340846017,-0.5491929577286212,0.06151007793651564,-0.787285976144783,-0.5261819347955072,0.336095323369201,0.36642000096856386,-0.17545633950915263,0.19360078952064352,0.3460507136121578,-0.05524909649921805,0.6951373484337924,-0.5941551041515356,-0.5849560839757484,-0.48490716365796804,0.33207700674362717,-0.22106678407029956,-0.40113526317418313,0.1798060530878245,-0.28222306405685993,-0.8206265260138323,0.1318534289057407,0.6717402362427427,0.38127760169396585,-0.5379333681915641,-0.5004298051671561,0.7204398879739626,-0.13289682367631683,-0.6235414061937234,-0.34962753292586446,-0.22572494014580458,-0.17884252099038878,0.16041493424146824,0.05202214331224431,0.5745790499388608,0.806561482968865,-0.6225956245440587,0.8945058032563686,0.07470036973200078,0.5242945770744667,-0.2723466253273876,-0.24547850565928586,-0.9063305262175319,0.5431486689939886,0.6871321520212486,0.12807332763553547,-0.06978501420413319,0.32062303615641174,-0.38930595732508344,-0.18425351605174956,-0.9945891174472663
-0.6118146769976545,-0.4111936370102285,-0.7190444680582566,0.48419294451501016,-0.2025316084865143,0.21169025820069298,0.8191676687796707,-0.9629736353759628,0.5994887510019589,-0.8902405281441479,0.22716059510650188,0.4183622667066871,-0.4603488322794642,-0.2888609152345134,0.6513931757950384,0.8043910337259581,0.25758746553888057,0.7929220782555677,-0.6750088604584878,-0.08274131793690742,-0.805974748493784,0.5236399457157246,0.3788970605745561,0.6407759277358149,-0.5518232874928957,0.6782333563352283,-0.5872678890104122,-0.02631655823441048,0.42959917618308485,0.9506340955007009,0.5138548048208795,-0.18995389669113605,-0.41937027724926224,-0.3766669802498459,-0.8357456588820658,-1.0293886533795524,0.18483158665424426,-0.16071704063167758,0.273390493028139,-0.24347275450243333,0.22323903236928114,0.8026838388075278,-0.2102628630054577,0.5393407641217596,-0.4167627649262031,-0.33887985703545764,-0.8370562203717786,-0.17247739860012778,-0.8777860096932566,0.6918016992561025,0.6866006518701226,0.6474274311562296,0.18855368781471182,0.39166154636051953,-0.0932299210667038,0.970125616401095,-0.25802926532634807,0.0956022167176116,-0.9422928936336092,0.8163228427483207,-0.3353273810890376,0.06561589310731097,-0.8362805073762853,0.7180978795272337
-0.2972274098471115,-0.5913816433588923,0.018907035304201347,-0.550747234976021,-0.46591709499209477,0.7864638496052694,0.44297108562312904,0.041419470281734094,-0.6742820173635977,0.6382585614869347,0.6308901750226015,0.8474027991363076,-0.7770602312243191,-0.25222396895996835,0.15622142859191612,0.1547178321877991,0.6692119920036992,-0.9158991525050888,-0.1411226447369267,-0.870715981272935,0.39895279751459123,0.2767974441008112,-0.044566953587034996,0.006074701897174517,-0.5896376814879614,-0.03096725035379322,0.05524825055632743,-0.9056978127450168,0.3134934530902027,0.054641186216498605,0.43574476509627047,0.8907148137271368,0.7243789214720118,-0.9997108590090327,0.05899733841948862,0.8651626224342142,0.16520051129785918,0.971925643887497,0.824919971736098,0.730779137059288,0.9373224124540405,0.5954500333712236,-0.8465691855213977,-0.9781892288412846,-0.8159667379317004,-0.7179631199149166,-0.8747938275258851,0.7293125272187289,0.2491384621124042,0.09169797935494084,0.06788863301219505,0.25998134413186724,-0.14632844261978017,-0.6899775036675422,-0.9446215337021215,-0.0009367066672816282,-0.8202725929956032,-0.5262756205013004,-0.4313871139535965,-0.919125033404607,-0.4152477996506396,-0.1564976112636638,0.7152293145765449,0.5315271223333493
-0.8874299400115366,0.4217330361531686,0.6120110467017883,-0.06080808200914767,-0.7561913863295828,-0.6773593109782476,0.38039537937412704,0.7747539942065482,-0.6003911164985645,0.9724068458670196,0.248009435312033,-0.5924370596907087,-0.5006270141502942,0.04466083824817457,-0.3940599189455758,-0.0026203285735801884,-0.3765718110656773,-0.9304541494080647,0.27852253927619586,-0.9671764930236402,-0.027758143504308608,-0.9836559857792515,0.5068453249328633,-0.968232566994697,0.8466764665547293,0.2544692916425084,-0.8819483464282307,0.08635797823020241,-0.6777340596627413,0.7972001244783766,-0.44847958841400204,0.5923387723680993,-0.013546233638594751,-0.8869674786716502,0.5056164957675833,0.6886263820871463,0.7821053736873784,-0.7675829402068708,0.14602523761451702,-0.49810082464912564,0.16663444791854398,-0.9840370106402392,0.7432680373967531,0.6445985907923582,-0.2663589158893451,-0.7951777556653472,-0.9310327328949999,0.15993197584399432,0.5844305967295025,-0.12487158293989475,0.607568626447778,0.06169217520216219,-0.4207989997734063,-0.07703754662932405,0.5224969421406094,-0.8516521977827132,-0.5354410246017076,0.6298046421602372,0.922175034028994,0.15296630446953463,-0.9530711564321332,-0.07745032888999437,0.551927158650545,-0.9989633806821661
-0.7177424162556478,-0.951842823895285,-0.33739961314031874,0.7684021021717724,0.08416619902234102,0.8541390560370508,-0.8376447153085413,0.9553512403561777,-0.49528369571478414,-0.727479215148563,-0.9272067270637476,-0.4500848273090401,-0.22311577199009508,-0.8156943258260163,0.7202190054404869,0.7090945644091671,0.8202929977956355,-0.20779775592083527,0.49394225523136837,-0.13262591025990145,-0.43799102094114795,0.40520119926746956,0.505686442346083,-0.20241467676083258,-0.7251960928608934,0.8987881960559831,0.6351875346684019,0.22741200509076265,-0.918818015490392,0.06332942158703103,-0.031086333171989944,-0.1979440591061843,0.18704171085891086,0.619604833539245,0.24393527807316362,-0.27060830161455796,0.9949753381989672,0.4164393260451815,-0.991186749214807,0.7368659684265249,0.25734309459117455,-0.546185762148206,-0.8052615674833083,-0.1694338167370426,0.6795808980063816,0.6333919420369369,-0.34752031294648633,-0.13283620865237555,0.3636860234269774,0.300944504275497,-0.933529868771434,0.021275127231790147,-0.375115722945192,0.5266264067618971,0.6553453721933762,-0.49144288027332644,-0.8556179229487668,-0.8089800834454219,-0.9717652297240806,0.3137507348392985,-0.562680262221273,-0.060732502447118364,0.9604282114130032,-0.7173796347510561
-0.9438254961844474,0.44664993407720344,0.46299150160508273,0.2844411750006093,0.9420757837539806,-0.20960815535515764,-0.12125971030248528,0.6357892923044366,-0.6766244249176625,-0.21891832508458609,-0.10287742276370482,-0.34847428954479875,-0.12173400565073256,-0.41291493905420484,0.6473859329002565,0.7815540963598993,-0.8881683210925524,0.8533203534833045,0.7594027460811761,0.8727044985712313,-0.3435779318685013,-0.7455602208222398,0.20988250200201097,-0.03251207411999646,0.44081620464184734,-0.755967714346494,-0.8585271600146249,0.9989694424020215,0.46307220270027716,-0.7921652023574515,-0.3871964816426696,0.6405189462468563,0.3642806510225438,0.6030023961462749,-0.825422440795812,0.2976678653441236,-0.6693389264216727,0.8762063407612846,0.963915575802794,0.41792601676720254,0.45571232469886613,-0.5311369340165422,0.5326224470985215,0.7022384487655693,-0.832619847009642,-0.043883461288663606,0.11690045837450458,-0.739609413945923,-0.4625182508510477,0.3565829444217652,-0.35018989132124867,0.9462511314026316,0.8908231073819766,0.4328443466038534,0.10943224302650756,-0.381010836651293,0.5340340805599311,-0.46102571150212523,0.5071110837364439,0.030590135948449726,0.06854986653358441,0.021450686925638784,0.017785977550823784,0.45822548793817997
-0.44489395464174053,-0.9414033987819797,-0.09788014267413447,-0.03633371442999267,-0.8796401525023847,0.5567432511891968,-0.5187888457423135,0.982112106076104,0.4762267227205419,-0.502279015142274,0.19511941686068401,0.5724728903422818,0.2690960533068205,0.6863382176112585,0.05304525384095271,0.2871086126449893,-0.7977877211660125,-0.7720186028527081,-0.30922572016075134,0.027632370332011824,-0.4532057565207088,0.22464252001927298,0.35963058251579416,0.10620811871945146,-0.724782539615904,0.14920085449968923,0.25553622717640345,0.05851047414572319,0.16035000171804037,-0.4338651530286659,-0.761826917257667,0.9928926493189174,0.47653345136328507,0.3345310070555243,0.34729242099734314,-0.449972123076287,0.5413056621339891,0.19550128373040954,-0.05065082335233373,-0.5430121166536013,-0.7234301925699278,0.7253820824819264,-0.5302639264967446,-0.48664417448401043,-0.48553327448789974,0.09572866090575483,0.6997544620666232,0.7964139472000036,0.08261993717645355,0.9980057302301968,0.5421743424266596,0.6687992151952542,0.7230690403099749,-0.2321579045257256,0.8319727384385374,0.39854087476996103,0.9840710529695078,-0.19752909970338206,-0.059285605963648846,0.4038974328793097,0.39032918476154355,-0.21643092681800313,0.8274829121655909,-0.33971416549115996
-0.1334015680533025,0.9148820574793988,-0.8813177640967766,0.8734447998926689,0.03386815333857918,-0.7596633895289231,-0.5947007575255243,0.00926248159403853,-0.00684066584211096,-0.6793448424140676,-0.7201877402204886,0.10457026498798472,-0.4908849668446307,0.13866144987164253,-0.3379490347920866,0.34166183463076605,0.5607235411285374,-0.8448870896085596,0.13066918006547534,-0.15426172494292723,0.809355038790341,0.4579653572751259,-0.25624819533395304,0.05070652705827583,-0.3042396145667221,-0.6510362189767094,0.03871831653261726,-0.31274613795722805,-0.9698058784854067,0.568141822384407,-0.08795221794294594,-0.9634536966057865,0.8261813196888956,0.9180163907284193,-0.45315462180427124,0.0037258783325151423,0.5937914862728189,0.47139650722985604,0.09042531059861392,-0.27563406104755317,0.7463664682543909,-0.016602472065772478,0.3045392918507279,0.49246458032575013,-0.21475047564286132,0.4463628359968519,0.017130919359688468,0.7062354114339386,-0.34836311259477193,-0.5610603533622689,0.5047510339522525,0.20417623954643305,-0.1681865813681973,-0.9218077618833005,0.5650257759330539,0.6432511750534418,0.575850658582068,-0.6679853896953103,0.9291086972621478,-0.3723407061462707,-0.061012598404547314,-0.10440104467306921,0.5962712615844967,-0.21534396690779656
0.17023581784409614,0.005501678912871677,-0.5794484691831252,0.8732197814421532,0.4926668112274528,0.5674081153578969,0.8906716874315781,-0.4151729071888828,0.8472030718646344,0.6328492022473882,0.5163744877119814,-0.8944406154499036,0.5170640761397904,-0.33498508626288936,0.7581867503612005,0.9190038574457793,0.2920954659173709,-0.5956763452783833,0.27657053812876353,-0.6262845394485679,0.14909278705286155,-0.5733787475521261,-0.5645741213253543,-0.06814656294688803,0.9019238393310347,0.6337959438235536,0.5999431640113002,0.030306106123179744,0.9715931633177846,-0.561861131081794,0.18685244703754633,-0.2302912335838485,0.9113913233264417,-0.03116333839725116,-0.5620889642933478,0.500208428853328,0.831287665628893,0.9196237915874852,0.2952310267701921,0.058872691158661006,0.5684113801926838,-0.4729292006737491,-0.14707100609410162,-0.20432292538371244,0.3047798418341303,0.2877391013300159,0.08057898619201875,0.7739339596258203,0.7216335330376682,0.810772613961533,0.2623307024135033,0.7584399993635107,-0.9088150999099345,0.8637779324779877,-0.5413902396559467,-0.687065190750513,-0.6542376522680444,-0.38495204464258803,0.4889604105934027,-0.9175274375876274,0.7970439645561578,-0.9303999113273638,0.053483895064661224,0.17100616268943059
0.0908989041742494,0.2304070329214405,-0.8505614210010779,-0.45277262575453103,0.6585752992564144,-0.2952789549566812,0.348575939663071,-0.5376130868498614,0.8788910596385624,0.7993025194962173,-0.6018431342041319,0.23132498070082352,0.30506332034512584,-0.025240774979713887,0.8966294951482214,0.24619193309899257,1.0299864086281456,-0.5558998266603157,0.8977480353468785,0.685358938153851,-0.4759242681043463,0.7347698077200553,0.4449918924847198,0.1364383729898444,-0.18558907664212643,-0.2169422659041793,-0.1577812737185933,-0.046130411258874515,-0.8772846907998366,0.23180625392921628,0.040310767506097855,0.7172656999226501,0.4660567643171343,-0.2416735821968259,0.6842541979566967,0.5837002606633874,0.16075734178726298,-0.4721826941918421,-0.8568785129692238,-0.990933540274942,0.49271580479464405,0.5837913056582779,-0.3022947280608568,0.3236460828568708,0.3670238323202881,-0.4811204079764899,0.34398516912631516,0.16973206307862787,-0.60002367094087,-0.9433602959390148,-0.7709692352114856,-0.7536188767654493,0.5710354698619351,-0.15014820221162473,-0.5520183141427624,-0.3523055918354614,0.21978189253997438,0.13274750281520653,-0.7813516752544514,0.23662874627832456,0.8816506748430291,0.11742134524136838,0.7196821199661645,-0.5793426163728828
-0.23227648017578595,0.6351233517596999,-0.757009618922247,-0.3723372284086388,0.93581504429415,0.8218823840071579,-0.20877486316417992,0.48989224088689376,0.2999950400867728,0.06562462310188333,-0.8922833755741053,0.5303916544728868,-0.07507047454557991,0.33212422344903064,0.5098436548501422,-0.5746563257406558,-0.317182855138866,0.5112238588346982,-0.4177675431008723,0.29496667450248504,-0.7191504553170776,-0.05928157442372939,-0.3545490626428014,0.46038362144299017,0.9058429101782861,0.048824508774430786,-0.6603477498807322,0.7356758749136629,0.6028609151300808,0.40346935961826924,0.014670030604726936,-0.7589783578046503,0.31344719949171096,-0.17582193374780442,-0.3193561599526844,-0.7837926224102805,-0.36587309966108306,0.14766121853381375,-0.15699757915492474,0.29765043827471294,0.4528839104371918,-0.8119155581425137,-0.3861674290118655,-0.6684985056284927,0.5310873583924749,-0.5059783471878079,-0.05382860364182718,-0.8951769924843345,0.8844051079420632,0.20636051728809868,-0.5137900848981793,-0.06567763864056908,0.5365374966066647,0.11833721092579474,-0.652960175717582,0.5556883907490799,0.9344011745831082,0.7232981465183719,0.4692561310946546,-0.5839478215643497,0.47013011408071903,0.3900016739980241,-0.36121508431999594,0.8968574043592521
0.9359242317670278,0.3361555249266259,0.5103733629187279,-0.22845497948565696,-0.25103157562157263,0.38601304676265036,-0.3866578604882358,-0.3966300396942304,-0.8347415406259298,-0.3215715359112308,0.1176566856739989,0.9244896163824681,0.006488217364256421,-0.21902919362804174,0.1225071742765853,0.4142439026401823,-0.6766144004643693,0.5224699370918804,-0.7836367844246612,-0.2556469557029417,-0.38775980142818,0.8119191655137297,0.8426848236466375,0.2666581722553383,0.08149274666064121,0.917936545890939,-0.5583411062996779,-0.5394268337708601,0.7142145457680298,0.07393903733739782,-0.7969541587465638,0.962665101769864,0.23411039412179835,0.22739782630240857,0.6879751073470659,-0.7163404255145565,0.23371161995668488,-0.5685186620749036,0.6962824276418003,-0.4501782863951087,-0.6383479105861045,-0.8386566992514473,0.7235168465222805,-0.756022149630593,-0.7101901026121085,-0.7004978957101038,0.03259339884086776,-0.7317308140352259,-0.08848078553418648,-0.22449798245844566,0.020518765764037772,-0.7749775239446923,0.41331421886798747,-0.7072354750861494,-0.7875643164903523,0.9410698622955336,0.7171496261472736,-0.22069118609397798,0.6287256657237696,0.9275537684762838,-0.9680074592020167,-0.052011808689234496,-0.9649510030234436,-0.048737087867772644
0.08462077750868646,0.3672935562922919,0.7657115671990931,0.48739451269160794,-0.3487125974333052,-0.36986581141679387,-0.20153729838474388,-0.20458174092344494,0.2785569595161883,0.00726056778227302,-0.39218458425852054,-0.2632339974664486,0.8631915248581075,0.8162562063518066,0.03556765207582502,0.6773450929582172,0.6843442299376357,-0.43902218189313325,-0.5166592904553493,-0.6159947910409069,0.5673908368599461,-0.11942766863641063,-0.051144938626829006,-0.475061580172466,0.3529897644145268,-0.24187424529082469,0.09512147644224922,-0.9016539853833474,0.2605863691187391,0.37315103338628774,0.3416139569579604,-0.4609792134773132,0.16237467950853346,-0.03767980002632676,0.3994736081691719,0.6841856974338119,-0.3663227952613717,-0.8741592954067978,0.1300662288232275,-0.3604391202770971,0.29506753698390287,0.06323503711178113,0.8431211854753193,-0.13876351425664124,-0.1876008650197416,-0.8733763709585156,0.7122240786994198,0.8100993521555802,0.05063571351767404,0.6414371945801405,0.9353038840695058,-0.04706480843555738,0.6596511976762771,-0.6205891125313707,-0.6763559051455357,-0.4786380253781486,0.2181910432907166,0.40095543233749587,-0.7600683947898179,-0.21682920518284,-0.05653052847478879,-0.44534034584884097,0.7673634648539476,-0.9895085910862313
0.4631466464231171,0.328335657861186,0.6904246881883205,-0.29345391575743784,0.6812109296181437,-0.3027426018079886,0.27905331681061396,0.46180134494923264,-0.5099627002370535,0.13726666318953007,-0.3974665742426615,0.6186054668070882,0.03700122395359706,0.5868992805688653,-0.827579496000524,-0.7404609887521592,0.8698350588092509,-0.6835407585765707,-0.7346704519951022,-0.9202521822726777,0.831217243340951,-0.13292882352120894,0.07283412344479112,0.8789323760555776,0.840597216762597,-0.41759121789409814,0.7674221575595521,0.4079741600902975,-0.8908384055521463,0.2494447911952442,0.25764568822808076,0.14225031858730564,0.5647108838860431,-0.23915975827678704,-0.945436746650959,-0.015810557228226108,-0.6156563893134712,-0.19182549777961433,0.16603221458953343,-0.07111750525249039,0.1192993859660556,0.03462168045394387,0.8123409648725501,0.24676411063049764,-0.5994764173173481,0.8163174757894167,0.9424792631951213,-0.6435973063317022,-0.24976796959328484,-0.4906285312497851,0.9449108568156552,-0.08997906713735015,0.8673010856163785,-0.9857657616089308,0.025023048601009457,-0.14674642611474553,-0.924980788586826,0.022626359199932944,0.7024637556002942,0.40459726086998016,0.20607270101673536,-0.4106636634905203,-0.6802516904195566,-0.34226169082549074
0.9934646400539027,-0.051472453538763174,-0.37787995806528873,0.05460876203846743,0.05432964738003099,0.9752673099824933,-0.5934851590398422,-0.4817653286151733,-0.23905572418771315,0.1680875971189031,0.3320739719073722,-0.700833448380269,-0.4400504045207123,0.27509792990408566,-0.8929944826120171,-0.025568146807396497,-0.487665574567103,-0.147350701239233,0.5690081363221255,-0.26473526825025195,-0.356343048242157,-0.8817694807731729,0.5719954366440552,0.31620577862513866,-0.3131355970230023,0.6053300402215696,-0.1392485808451418,0.6919565636205778,-0.7731681462586428,0.3474783587932795,0.02041985868271512,-0.7453641488989431,0.5448355002909306,0.4833203281659597,0.3733176276560597,-0.028541969882533103,0.8477783507278365,-0.4270670661373215,0.18733249148348885,0.7123552960208033,-0.1418923170134459,0.5019401012214895,-0.779237353811145,0.9223359763416539,-0.3518952322606763,-0.20440193606967427,-0.562686617437512,-0.28946827216066406,0.02725007526124834,-0.5210080717088792,-0.8960879176553338,0.14216170247309945,-0.2804901425963535,0.9379470055726804,-0.17134120310046552,-0.9030564754994403,0.26313031583856894,0.6010687985163845,0.909767007445595,0.9628240023797501,0.7469684403021033,-0.572524892728834,-0.4439450651041785,-0.34442825638811225
0.11182345772987601,-0.9232130607394149,-0.9623787192032014,0.3319298936692403,0.8792771931560586,-0.9778921143334871,-0.40722980760846506,-0.6791703521052639,0.6966992373244147,0.7136385038611435,0.6871894571668937,-0.17799913886644303,0.5972326896584172,-0.9682850710784181,-0.7064839585349483,-0.44706321327141674,-0.8553979019334949,0.3747744309971581,-0.17510539778912926,0.3091464899740368,0.43792259893455143,0.14300411251093292,-0.681850551087805,-0.5728579316241209,0.7346084644094009,-0.8785815976765308,0.3828219911422164,-0.4779152799570423,0.9040745793201581,0.7502953776672066,-0.9997158644821673,0.713965111559629,0.2577634373501412,0.528468956650582,-0.21543926670344526,-0.6282711545799415,0.7430862491765291,0.009554350437798176,-0.22000830454511666,-0.7310718845213524,-0.09395697335641562,-0.1888981659995248,0.628798474806334,-0.4433841657844475,-0.67725284871258,-0.5178902742567955,-0.926409026181404,-0.5454925193397897,-0.9603303651164983,-0.5084153126677837,-0.42430684475083935,-0.33431639203667807,-0.07685295989090091,-0.5021584787944822,-0.011492936156144884,-0.08972595362654245,-0.48327632745829674,-0.9006923519803935,-0.8296282488274254,-0.0029083311851128,0.9517222909652536,-0.14448384441427842,0.38226866493423683,-0.5159875998044734
-0.24568975880717248,0.6299388921128377,-0.3656860106447142,-0.12420791815720267,-0.043521114285829166,0.7928973437141063,0.6016949741375708,-0.20842809537396967,-0.755308448989011,-0.2991774419447475,0.6134583401105775,0.7363366343656226,0.7861132825139698,-0.7217198488138519,0.9825422066182217,0.9025171279050979,0.3686134658758671,-0.36451967970279897,0.24594456938141174,0.3489240874753705,0.2612417121669204,0.3713404037735468,0.9363715477700829,-0.1025359547769249,0.2103757250792273,-0.6206700586217324,0.25351221867323526,-0.6397419655628578,0.19455495125910027,-0.47296011179694086,0.5418107274178248,0.12880014147167107,-0.008313570094413691,-0.5183630163647817,0.288196225166619,0.08914713612890712,-0.4091383003091318,-0.27255151215697593,-0.7689515802593174,0.451903366038775,0.7698193328591936,-0.7997926304150917,-0.7458803095057944,-0.664417080694212,0.4199883426123816,0.5847206622808663,0.009360167432792776,0.8119056557900619,0.82023143066361,0.4508996410876016,0.40910899956634683,-0.5272878745677876,-0.8704495185481607,-0.2781537580633977,0.3649950626232765,-0.7577004763638875,0.9265763371635194,0.2251675721597064,0.3454090061659445,0.8587162927519765,-0.3287089866157771,0.9010768754207794,0.8006909447700412,-0.8629109779862083
-0.23524852475807778,0.02751717525159969,0.44523106955510094,-0.20118420143873195,0.33343457174460367,-0.6422463324200725,-0.5328240020186814,0.3474032824169866,-0.9691459103279747,0.593085784962291,-0.42680873129404073,-0.7955161211584263,0.2307891645019382,0.17648065064198848,0.7977414215319494,0.23486963408669181,-0.7052175136731378,0.8351094640559604,-0.38553873810883577,-0.2695580185702884,0.978052321693142,-0.37524635816644136,-0.985496429013645,0.33820172105643187,0.2722253416276268,-0.16999669928682426,0.3758940458221669,0.926473244597134,-0.9568381224804741,0.9190229660190097,0.060867662461314476,-0.3879322382346533,-0.7716881049275959,-0.030232161785202605,0.242218658464461,0.0038774304667748005,0.6266026485370624,0.20829720059689794,-0.5107369994718922,-0.667051585891054,-0.4342278213836728,-0.6426704530169658,0.9818841517333301,0.9320151383460658,0.9256132825930088,-0.8263103429644556,0.9358420541998858,-0.30217384181791407,0.48453613743081037,0.4409272375246225,0.8169639531612705,0.9890716839564899,0.9378690997532146,-0.31733114683409713,0.04893522955626839,0.0274052081552989,-0.8208229108784415,-0.8192481058571306,-0.16928182936644132,-0.8356937754040987,0.5978706901352926,0.9837720176521068,0.08907435279197418,-0.34460110307658454
-0.4271476449868643,-0.843406627230505,0.6908379988066058,-0.16970800686773413,-0.7581580191494133,0.685428511430106,0.33721126008613056,0.49288957076477247,0.9048496083300035,-0.22103273247057853,0.6379391214382382,0.3980497962450411,0.07486867447555179,0.34578132687338714,0.9260273581941523,-0.1157509863324544,0.6359600846346996,0.8940577778383372,0.14731140666789422,-0.22003517384544136,0.17871981194222442,-0.9959758589162242,-0.8511278080533262,0.045217255054884165,-0.2150994589062336,-0.7743014389619274,0.3595134789043306,0.7714474796903561,0.614275293770348,0.7498215193730966,0.6361296080028565,-0.8193858309336208,0.9806402472227542,0.01707587684411127,-0.266178110576923,-0.9295465340583426,0.9139589848955683,0.6486616603595028,0.037016373299232574,0.5092091952216491,-0.43778059451417706,0.4307091214630465,-0.34703397923552615,-0.7492380413565067,0.18373722081982047,-0.507492566174127,-0.6182746885679173,0.15469343786997558,0.3969328003586601,-0.24435243147043306,0.4743936758660734,0.6257775746090617,-0.700590764741001,0.18192078766837017,-0.39848233305257397,0.4094685107184579,0.5411975055961309,0.6114058781315315,0.032600314188655055,-0.280123154811903,-0.6529585439621071,-0.409502967748524,-0.49299726063446037,0.868027858019216
