-0.5506119847652307,-0.4927207827433806,0.33065454390169036,0.3162825893343275,0.9552232884466281,0.8102969597390395,-0.14014265026481665,-0.9336746517926522,-0.790501946765696,-0.34087885102362736,-0.558224817941466,0.05862106459872196,0.2418643356049881,0.9308941541832867,0.5081928194423466,-0.9595341128922097,0.6768135162282973,-0.485851460414392,0.772024375173104,0.381533328216872,-0.7269966763521198,0.11337469632624719,0.23580100030311324,-0.5636556628759342,0.1863173834362366,0.817683571162052,-0.8708261048650929,0.3314716682551764,0.11846433203132611,-0.1510459523300789,0.5740937027423205,0.8011333592405356,-0.1213660283027429,-0.15831662813041558,0.11428484413703344,-0.9088895571562092,-0.7133976946677252,-0.6358081356334593,0.21863182808002457,-0.11247141496138902,-0.44694387067285835,-0.9959036809241564,0.3309718371328596,0.07784536738049308,-0.8857654520557638,0.00493335667781003,0.6007180197633544,0.885868029225573,-0.13549159639387542,0.06957064214914799,0.6744925591791915,0.396436419276869,0.5517915525974222,-0.6539878866811446,-0.6469702219291715,-0.8313384727502156,0.1388928662013309,-0.13593158651201476,0.7987027098538133,0.3822667582366548,0.3296482913596832,-0.308384400326952,0.7738640035483337,0.5783371035358194
-0.3614933021959297,-0.3844752926681714,-0.24600433558778834,0.39053373634430955,0.034098011247584825,-0.9461619250409901,-0.4684411874132901,-0.2859066264051813,0.7428925043047776,-0.9779033160315196,0.20408732057199352,-0.7167915819478734,-0.9324239174464592,0.10728996141277225,0.07113379787814988,-0.699471499908352,-0.00510149962804185,0.9587293911918608,0.6047160483690781,-0.6153100359169812,0.6561040717959437,-0.8351173263741498,-0.7395631951462724,-0.13805421179973032,0.9102450067690975,-0.42002271162895877,0.6943624164774422,0.07354916062432437,0.8124720632662543,0.0924768053223477,0.9456192460441801,0.05129498559387735,-0.9838236176904314,0.14768507541744058,-0.9104447632281771,0.39019755615836327,0.9223992762488269,-0.21520591874013872,0.5741772126529059,-0.6430625875804441,0.844660064829647,-0.18617692412417242,0.6376569209198584,-0.44107561720585875,-0.19701848569578106,-0.09995191375051782,-0.35211826712331895,-0.21028800966304995,0.46938055511959376,0.5245859424883506,-0.29388802808577985,0.8863041415637027,0.959118177237906,0.9058321153258762,-0.4297913600221599,-0.14103680180239464,0.9236025203145852,0.10410169010859471,0.499766724957039,-0.7444969327282527,-0.9533181181355175,0.10954081599772225,-0.24663997400402127,-0.8711433793644059
0.35666997660986755,-0.31247907063866553,0.5266004989952535,0.13679129876706075,0.8955780600621908,-0.9811895910311639,-0.7793531795816715,0.3845653263516504,-0.6324134139061661,-0.7926293234818942,-0.9476093265238346,0.8784841029904773,0.6849124672634286,0.6787691448656958,-0.7416802850762945,0.49636637323716304,0.5046633329098946,-0.21225760745822564,0.1704328000727855,0.7746937601555972,-0.9499309914159093,0.06434741666133803,-0.23260248285478546,0.717456939578492,0.15745992139485088,0.5045663469353474,0.3152455603402604,0.8845033574459442,0.3991552420684841,0.44594412215606916,-0.44830884350199063,-0.9586702335400423,0.9981417287241923,0.8529207659246911,0.28981167344987746,-0.7789393957550759,0.6888589174544644,-0.9085380065553781,0.6595412587470835,0.8217218889218534,-0.4730851019946387,0.8733087708502574,-0.03955654125641339,-0.5755868631945964,0.4454641565743973,-0.02092710759742067,0.4658432435715443,-0.14330918847770446,0.295430865335953,-0.4046847418344586,-0.4362241990457494,0.16100831224690149,-0.9653227290354609,-0.2074421641084323,-0.1611822025517744,-0.44163541461662126,0.5159102945468748,-0.17942103306812496,0.9266790947517682,0.9434791089481642,-0.6217367379099581,0.41358717400164213,-0.17232665044091422,0.9056295149019671
0.2291982688355041,-0.5985376902004342,0.8247606772603107,-0.12889064470905431,-0.18225990743948994,-0.7364197260661569,-0.9428974773450869,-0.2941385187009644,-0.10580753213375216,-0.10520539762982062,0.4579465542529271,0.9384614734154548,-0.5327048941077244,0.31092192969575416,0.6913218925510045,0.8714740948911137,-0.5873340127801692,0.2553060914676091,-0.09792969380212546,0.20177152268752252,-0.13588692055850626,0.636601606270051,0.5853318425917466,-0.6402902191014495,0.9197166628729654,-0.3820170456117349,-0.8579172950763891,0.3136687974993053,0.49102544207677656,0.09723154431027736,-0.6714996861736893,0.8765963085726336,-0.5770909146532313,-0.43132920412001075,-0.15913515493575714,-0.6610528046453092,-0.6619897799055634,0.0587217365197934,-0.10508321722674774,-0.38590064397280743,0.37922571869907573,0.03519510602147258,0.3774100644560132,0.7170766170489533,0.6065847784351901,0.34774631330451644,0.9716991661426473,-0.43501762058950355,-0.7002744495530344,0.8490073579917519,0.8219138382889077,0.6782793825079385,-0.24313274633072024,-0.38503638842397514,-0.286246325432286,-0.6804175087030877,-0.20763479100583382,0.6223830303327538,-0.49112308124759885,-0.47149856230481846,-0.18676274221075895,-0.6543268928485162,-0.4200386949691881,-0.14459005852172568
-0.8720121398133327,-0.8622567125071243,0.5915334164949289,0.2224724617337699,0.969176219092778,0.22311970681391347,0.07301952452639249,0.7221141885198024,0.16636939444152832,0.12522641418758496,-0.17764742287175705,0.2355811091567408,-0.11005652635344876,0.5653525572986746,0.03092582828440804,-0.6858189464907756,0.8400692354328414,0.8452272194330046,0.7110272028552231,-0.34117913847150905,-0.40114045150456845,-0.32489921483295303,-0.428735362851705,0.9510123384800862,0.3139709887137949,0.573045572758951,0.8883278884258776,-0.5792887890103204,-0.9856866200934606,-0.767766262156816,-0.9307551434808199,-0.3835725189171155,0.012040873685986053,0.1241659972003788,-0.009218267206351216,0.3692087670281392,-0.5630559009442164,0.8143298600416393,-0.100228244339853,-0.3947192342448591,0.5275705565054907,-0.15659406176574597,-0.531061830227628,-0.03181306906865955,-0.4415452115783738,0.36694855086495215,0.841548680092685,0.674068231309997,0.37978136447473076,-0.12829843058216528,0.32183315644710997,-0.030189460810480018,-0.8077017849176973,-0.049576183343446045,0.0700829701653698,-0.11434675515723014,0.041167266854482465,0.5351025107408773,0.5077489287727115,-0.23774382579498599,-0.5929485685940914,-0.48992043595261614,0.6738166368817504,-0.720599333180888
0.3786426758053818,0.09179281726646349,0.900921398249765,-0.9780644574790671,-0.5536269497533584,0.7110341583501465,-0.4732620854032388,-0.11836518926925765,0.9621028231590687,-0.3768219615040129,0.2950245515143053,0.22261398536837018,-0.47193198006494197,-0.21332641275561826,0.3165580112463646,0.7130950559812295,0.2687158959735638,0.10569344388614499,-0.7881417073068664,0.777635225504345,-0.0965787517705885,-0.3796766198000536,-0.7955970470570806,-0.43326641023634593,0.5766103834193161,-0.7693271032243516,0.2119727858194398,0.05430137493253895,0.16919848234867807,0.7236963043266393,-0.708071426392068,0.3692717050601051,-0.9553903931061039,0.01966419513781026,-0.42168724713176764,-0.2592267870985341,-0.0515444143210837,0.1285840547630337,0.43751046167593644,0.4087428349426425,-0.6309940568735874,-0.5325148776798598,0.2585034908806234,0.13033198525984568,0.9022650810361332,0.8451677467008409,-0.6369821305507766,0.04788071825150264,-0.19806305494124743,-0.7613401566143154,0.5405932453386797,-0.7922806638852633,-0.32606758354231036,0.7675460765152664,-0.5833448643488617,-0.7710198109336477,0.5507404809222911,-0.47282547122631424,-0.5002169507679335,-0.39865989793657675,-0.7909688785546101,0.7856173755492433,-0.892620513064158,0.1361203662414423
-0.9387285355387058,0.6824715672840955,-0.3070508198406685,-0.08399338133690382,0.6211414683056935,0.6834957501940906,0.0037062638583822416,0.8629539201526095,-0.28680151756284333,-0.31919684887486155,-0.45145117568881243,-0.5965445499402158,0.6515335968510572,0.12625546962139067,-0.5613530478042617,-0.7091242735029877,0.9057364173465112,-0.14996251634126634,-0.8550391269770665,0.35899794646715955,-0.07224450572510888,0.2500921923012196,-0.04515240026840606,-0.6240055329663234,-0.14170861833727888,-0.5744845003726833,-0.22441883842809718,-0.012289726028632986,0.7414545535540653,0.3633629053420975,0.3036844226003961,-0.3060160482656691,0.308418853769439,-0.860912879317639,-0.7862597915412421,0.8692697413718924,0.41269976427874644,0.6642601511183519,-0.9303688737722251,-0.7040815219912029,0.8512993560806665,0.6366248856572319,0.9340885549185791,0.9961711186420124,-0.6225033793660739,0.4471493051191531,-0.9911737141821986,-0.6836612560346584,-0.9201970147875338,-0.8923342523383884,0.9551289020558751,-0.7203264269330962,0.8743436933739079,-0.902182729456048,0.19791729939025604,0.02232772574670716,0.22151031503759078,0.1467688115239254,-0.9184810473394815,-0.7551750541665148,0.6312945205654767,-0.21569136789784515,0.08866355427554984,0.6207973846373096
0.4948614637808917,-0.878758668926013,0.7040596533635342,0.5906123325621935,0.8171965821049734,0.3027930380153221,0.4346122682382296,-0.877291705727961,-0.2290283437574554,-0.3665453386095141,0.2513351102384327,0.3174812106056837,0.11371135130083143,-0.07690334943515253,0.09700813743037684,0.4904098357369775,0.202116718932281,-0.9146267211668369,0.8238905353060695,0.31462468355033724,0.21287929670823447,-0.3935389610666664,0.23577343508088755,0.014770061894949782,-0.7595468592715049,0.878885832204938,0.6324219579648414,-0.7893203621830451,-0.9417187187227183,-0.8773629566866319,-0.3873559193388425,-0.7860474281663778,0.6901155924645468,-0.09114352592004726,0.6206785066083582,0.9032138956268958,0.5393966906146959,-0.8035012964037196,-0.37833548197911937,-0.17564895985417306,0.6332941759670168,-0.018661472145226288,0.7381732881741749,-0.24036779092451033,-0.7507114502384942,-0.31211514861225886,-0.8540068271313948,-0.829189975156942,-0.6840671083737744,0.5514312747266199,-0.9829979331364458,-0.49393907988993324,-0.4493335873755726,0.37388405212425213,-0.2387888355308918,-0.31096388562466415,0.5260055322201604,-0.22831133715701957,0.27140190430904254,-0.4899305312073159,-0.10304563107309517,0.7649311704059463,0.9929245136309974,0.9647615606693172
-0.9304837153530576,0.8892968584952476,0.4725770684007584,0.6814200354466269,0.9318040563225787,0.9256226126854556,0.2740546415751284,0.12650942025545553,-0.7843332711837734,0.7144852675448947,-0.5470961053114389,-0.6935440121880507,-0.40949171933854167,0.7101474129700109,-0.129394238473318,-0.10651420806952405,-0.19265042073103533,0.12168973790414483,-0.3207642915404856,-0.3501165911977562,0.5273749383302067,-0.6580845403726214,-0.48357312875025427,-0.7400080921895755,0.3203599242307633,-0.7153428767249801,-0.05766571187308611,-0.6877065066979291,0.21804474386098338,-0.7902836826241344,-0.07099142096761168,0.16646654205685896,0.031764206856596644,-0.9929690104925444,-0.8678979055154104,0.32422984357166995,0.1518522681440293,0.7194970242707885,-0.6052218620432999,-0.5908705884027459,-0.66270520615681,0.012509765973269804,-0.24959444246694562,0.5414810958601959,0.8396803824463372,0.6687749414798185,-0.47284032565355893,0.04763205615525434,-0.6084452981555486,-0.9712332012358666,0.1888722780486849,-0.7799819716331706,0.4854130152859908,-0.2377548416563413,-0.7161760370032206,-0.5259129671990133,0.7711727915190925,-0.6985900813606436,-0.39079599374476737,-0.4420473168998835,0.4253792276202879,-0.9243010852604279,-0.2845760105000721,-0.22119137230877683
-0.4475205285237731,-0.649138655012439,0.14172285488789393,-0.3243625818365985,0.25246112682245503,-0.0554824795389921,0.25863658360585196,-0.3280884671323758,-0.7648321279646275,0.7765808692562315,-0.542274134321965,0.5429927552647074,0.6807459984552828,-0.3372535036792379,0.8097259635473475,-0.1119134402103068,-0.549159370668101,0.8754030667553558,0.8482106747175038,-0.6772855446023074,0.6929755024085453,-0.26484738429643406,0.4776228951051871,0.01805080421810512,0.25863569202853753,0.7057062441476343,-0.9056058348547436,0.5663862732426022,0.3341586027891432,0.30352490537000776,0.2644674918757104,-0.7336806740542179,-0.7011616803017962,0.8928291375900159,-0.2129354909635679,0.5871688664469532,0.6565651485970418,-0.5837451472128699,-0.3605523261715522,0.44989542464619037,-0.8380064654011341,0.619402147504899,0.2306800725469671,-0.06214033545236175,0.7744180144753314,0.6504286845305021,0.565389134042426,0.7090157913929045,-0.20564631683796253,-0.6210664215295232,-0.44589113373019384,0.24067974526110847,-0.9259893514439079,-0.736558599940144,0.0876673623296591,0.054126864811123054,0.5237431702118456,0.4362583450293671,0.4526630061982502,-0.7734629016819166,0.27648200155438785,0.903444676368147,0.7508427134101785,0.01817500025403218
0.4865658707144598,-0.9654412870150826,-0.5998619635177203,0.1254569601598039,0.5175977426176475,-0.16838161464309387,0.26668429878863464,-0.3024767453436743,0.6915843681869431,0.1992535510502389,-0.19842494121053877,0.866725718738315,0.5778916483910461,-0.41291187480060776,-0.982350056028277,0.2621688599958747,0.5133964332228473,-0.6740774559789431,-0.7501374094403312,0.4766340945853673,-0.1567301154600318,-0.02224364379465249,0.07244408943812064,0.5096774269198616,0.5484828891608597,0.0454794759365853,-0.9147265368245294,0.8081044307980438,-0.1159557724771576,-0.6793548602513917,0.646181693782933,-0.5604356128473018,-0.5180554165460531,-0.764792652601918,-0.7889900016183735,0.8947838656457376,0.4930243157182028,0.028875456181116643,-0.6497074614178255,0.42195805713646073,-0.3265609838874408,0.21918150091762234,0.4516539203773797,-0.5979675391255852,0.19640710841853704,0.9746247619366246,0.6472042401203708,-0.2217936871367685,-0.015077667244484783,0.8296101977515835,0.14776453785698207,-0.4106283912108468,-0.6967589997228636,0.9568085708416942,0.8863706745817321,0.1758786670542576,0.28792318849080756,-0.3652949247637054,-0.6304919989610125,0.27912499215002784,0.33142754608876923,-0.7682369293284181,-0.3517913878547172,0.4712469620710913
0.36145383157670263,-0.769124595353202,0.9213052489387163,-0.6998277549348053,-0.6862849344623407,0.7299123171594584,-0.15752603052092473,-0.7181779862136186,-0.3291782863863413,0.3877475709808873,0.42668758431920906,0.07226596416070619,0.33654697965120484,-0.36472758457319143,-0.4521916988757273,-0.9542259940460429,-0.681446140549298,-0.7137217320226978,-0.5719027266561698,-0.9286043749774753,0.9753282374039269,-0.17500418687089514,-0.6834783216082856,0.9607976535457934,-0.687514234096013,0.9191527500784575,-0.8511615590041979,-0.6158735941846283,-0.8255979480142448,-0.17049209776542895,-0.8597418971619113,-0.8814238674471309,0.6261035925525749,0.3832798530752046,-0.896362377518777,-0.029367521033371924,0.3160522250136024,-0.9278655235105719,-0.1370367297201569,0.08816470229396334,-0.8623278309923419,-0.28434750445915524,0.9889030973802104,0.2164204881008498,-0.8994598872952693,0.3633330837611979,0.8893453312025439,0.18023324664584894,-0.010518232936606697,-0.7539985052927487,-0.1570994287633687,0.8134255281225498,0.7817090277563072,0.4562761980429648,-0.7831135615664464,0.6512994991046586,-0.010440032115611064,-0.38528760260496386,0.7435848456941485,-0.8886594396830414,0.5048962393687877,-0.11360149144022369,-0.20283245530668248,0.984575557707412
0.44566296189128174,-0.15855645604445323,0.23968776810993675,-0.3814605272233662,-0.7582239130703374,0.1317852864121407,-0.10688000168303335,-0.8630386806541701,0.7105978153242931,-0.8575991765978344,0.31422880043170887,-0.6398537274740053,0.6900284116244881,-0.5471734509303716,0.10143573106600856,-0.6803478759846995,0.8522068319875822,0.2618681452723972,0.708297192411319,0.5153395236163958,0.32019400528671405,0.8785797715714052,0.6358696091812022,-0.42184216617878434,-0.5215438982531009,-0.2783526165850394,0.34927385094286634,-0.7284543297600077,-0.17119514254556734,0.1114479048704411,-0.6754795368102005,-0.6939588230674698,0.5730052113009683,0.5609777893557024,0.677720423712503,0.551330596149523,-0.580636924725876,0.8982437022836762,0.5742850672146809,-0.8166393868282007,0.702750761326288,-0.366699435161185,-0.7434508274114868,0.5912680668231456,0.6861137998822382,0.6617325981417834,-0.5785588939144937,0.6196581165960968,-0.25413018014954925,0.012640430905487277,-0.7886518186027407,0.6413411270257752,-0.26722087155731966,-0.8709528186169477,-0.299457593161256,0.06552375877712624,-0.24333768343255868,0.6989158568374327,-0.24541485255714268,0.9007015139355554,0.3548770788019622,-0.6624824219839303,0.18516122258429557,-0.1923790426147729
0.2971529685532912,0.5375366790992044,-0.9205794885815715,-0.13181952494325988,0.4511469618411226,-0.09496714433448927,0.8160998394679138,0.7751923336972231,-0.0868827775369696,-0.15429504074892675,-0.2849410434100803,0.08373136921861968,-0.22680856418679451,0.78448258138113,-0.3746857826017709,0.6667587606487633,-0.7234536707847821,0.5732621202985442,-0.1673962542336025,0.3844443165210343,0.46366289905198643,0.8950969763648358,0.0007932885247576849,-0.8507552520968993,-0.3123344147924869,0.6375152665942689,-0.14294818040502766,0.6962263463893226,0.8394744924719271,-0.7849339484889686,-0.20207399709422713,0.4748160221546198,0.9188937095385412,0.6100714783498997,0.9760419196529326,-0.405673371278892,-0.8651690576228248,-0.4601548215379001,0.1888857521004268,-0.5637110634260909,-0.45877250021777005,-0.6673754591647971,-0.37766656694989464,-0.14786663211205697,0.2630374207163533,-0.9553266622106713,0.9726656434510188,0.07092029821107793,0.6195041473209142,-0.5690594011040688,-0.17390044856566367,-0.38891786660668126,0.8218442472855707,0.7000626214199535,0.7869750814392089,-0.9860186557966748,-0.3922469836416005,-0.24658894872556059,-0.10084973121628149,-0.9558823221031099,0.38365960539206156,0.16014220825639658,-0.819608038677605,0.13050055425080953
-0.23205664655056935,0.2238149505134397,-0.8683945961007837,0.8277016632568523,0.14399904625734283,0.7180176399788947,0.6844390244377263,-0.8817060231417622,-0.44849625881197497,0.6842468201852123,-0.17057180378080972,-0.19260733305172284,0.13525634658473273,-0.4492984527355446,-0.45337580925246757,0.30460988415731527,0.3545726743976678,0.05397479021499074,-0.9995461121764622,0.08732253007428348,0.9952123195069433,-0.24628699861719916,-0.5303878981828967,0.9453182164713567,-0.04460475367888628,-0.3347253838904165,0.015542333637458938,-0.190619952660529,0.2560720760006383,0.8098528643912599,-0.5746839611551002,-0.5962372735156605,-0.4094439665779248,-0.8698771784435126,-0.021168690778662125,0.7819928388130448,0.5099460764946091,-0.45488184590619096,-0.07336977146072843,0.03207586957974162,-0.7189106967107621,-0.8117133915767358,-0.46835861708181303,-0.700029082820568,-0.919033812141572,0.1579536099970058,-0.27761950992343865,0.4916981106278713,0.7103519484783174,0.47225911289379674,-0.9028436777082542,-0.45400333308426566,-0.3140605932553431,0.7640860140890093,-0.9468162190268601,-0.5154224109220626,-0.014107038786796533,0.7794556560681358,-0.017839206008837927,-0.7162131565932315,-0.5367635591680011,-0.3440233262696162,0.4881377454299378,0.7078624572018948
-0.24164418011890154,-0.01822154596641057,0.1693581125775212,0.5165163411073173,0.7077253016692808,0.6804934312111404,-0.6809735063085129,0.2757871026802017,0.6013634453348469,0.4491893281819841,-0.7555447956327266,0.8461000650829855,-0.706586191944081,-0.8074347046702914,-0.2761456663847497,-0.93505079360126,0.555601631082054,-0.5221821112857143,-0.32164329415667425,-0.808861947594151,-0.7533297835930948,-0.5618624725702748,-0.4853795010090447,0.5047272291078657,-0.9703112300847827,0.5317297680869784,-0.3399578634441538,0.46180983347224536,-0.6827109805293432,-0.11813699471699302,0.4175308425083213,0.6834422411948706,0.27512261507109526,0.31914438164139813,0.8950474507864672,-0.12129037029500367,-0.9474550287144858,-0.634130158962287,-0.038693190924271814,0.35826298772901644,0.027116901706787377,-0.8899031498660339,0.7304213440981675,0.21940487594452107,-0.8608955930331357,0.26893103724146994,-0.9775078042826015,-0.6239209943930959,0.751025383092816,-0.4358121320260655,0.1829710968472884,0.8022450396772001,-0.639087667540198,0.13638019369818388,-0.4241605910234867,0.7590515466386132,-0.0396949546720331,-0.21065553726892627,-0.9790495825380403,0.41432661159942463,0.24973472775471106,0.7811878078017254,0.7714506937548691,-0.2441687508221475
-0.17204055595639112,-0.06372380481797779,-0.9417358742099042,-0.1363692997861501,-0.5056711980179622,-0.29821818987502624,-0.2949798849208305,0.48046992692721857,-0.9687402526190148,0.6239301208538732,0.026641294410756577,-0.8008601859389524,-0.37975279567072584,0.4340663765467976,-0.1084364938231197,-0.5109102483282466,0.15312278973858562,0.6772549529555949,0.6316283751844403,0.8284470928450467,-0.7158410699014106,0.3302732153258938,-0.9706904539500532,0.7921389515374082,-0.6526132190735416,0.557018418806281,-0.21472671094627827,0.7340354521370465,0.12031045765504667,-0.7090259486982131,-0.46705659344795736,0.5970344865359272,0.8491909274244838,-0.7380966701297302,-0.9505678635553161,-0.3774646123944332,-0.8725916704673895,-0.1588842582172303,0.034883595861844974,0.8417273731507275,0.9691836682134833,-0.2738542261528636,0.8155541563268078,-0.6979900777463541,-0.15672181383220174,-0.4416790274575253,0.10514814143359641,0.27637336380163924,0.9772122274335855,0.9774863844896213,-0.10158907679135898,-0.18763343683973321,0.660463479515025,-0.5997217466619738,0.11137714043511382,0.61720293285269,0.0775931859922907,0.4587432717018629,0.22249873617166815,0.3766419116292825,-0.10344284461903652,0.3968212456872515,-0.45931288371845147,-0.007242407886644653
-0.38926099322097474,0.5378051685375773,-0.5099161497556295,0.24043974941963464,0.8629198280739023,-0.4570476506635903,0.7486002126475424,-0.7195892810806852,0.7351001042525191,-0.11264750003806645,0.7846843199817488,0.11323304667785283,-0.8926904220332543,0.47565367787573365,0.5099020106008645,-0.06081767991055109,0.8378218219550657,-0.660683323369178,0.16081480330201958,0.8905821835625622,0.851327425053068,0.5499095005636325,-0.057176682997069905,-0.4683562105824097,-0.0821322209831632,-0.21599064089970144,-0.940816593796624,-0.5288197706923321,-0.06152572975143977,-0.8607646456464249,-0.33294003666969396,-0.4958198874319304,0.48076766640868707,0.729566168983433,-0.49265448662075695,0.6040820617044786,-0.05860847936964286,0.9638166337029059,0.7539348961912675,0.21161734760528428,0.21731973257581316,-0.7067310636143045,-0.11928062359468461,0.028643809541585075,0.6682803076516917,0.2795257590492497,-0.8589249640008729,-0.6414321340001667,0.6828719523394622,-0.17594004479319447,0.7558091282661823,0.0662978374352321,-0.06937688357954186,0.09222358771398875,-0.8315342263397405,-0.3816433816133491,0.767364813858525,-0.843909088506072,0.4101962736689715,0.4700522674507206,-0.563194738058931,0.17880314660169172,-0.5683380480806413,0.7622733370592778
0.7979635396278806,0.5034693674318369,0.9577268354511945,0.26098498287532346,0.18331201541806275,0.8291610088599835,0.9851461404824522,0.02422535253968805,0.8340725675008966,-0.09847851951904518,-0.6430238885434514,-0.76935222162632,-0.7923139399452306,0.5418125383974832,0.9793825204330622,0.6978782872455882,0.8565005522154794,-0.7726731878950388,0.6389517140534058,-0.7885880634866989,-0.7028847695522695,-0.35828084887194445,-0.40233660438707086,-0.6017897044121652,0.044263565193544574,-0.7957025467461847,-0.4612980798087776,-0.8784708795886529,0.5600169424534907,-0.773543467859152,-0.7810330394685787,-0.65662336576638,-0.6294941544386934,-0.13804338138540717,0.8851267850119993,0.3427264964916321,0.9113939513059166,-0.7472323483387859,-0.7192923277926382,-0.07256636349561396,0.7756365736604798,-0.18207316579063137,0.5680247019914808,0.4564316307049576,-0.5836931795808784,0.45027808137811487,-0.5827285102736479,-0.5965910956870994,-0.748864035399974,-0.8903527207398185,0.9634459562675977,-0.9921036578982596,-0.4537950653841192,0.8289430073239759,0.3677481068939863,-0.2300153420768709,-0.7484995258763583,-0.17901737796158357,0.41498914772882634,0.5838197890347074,0.016626321541643563,0.22730638551475812,0.5300790022695527,0.7044007932977261
0.4815159133581579,0.4653529973436361,0.6711042683542261,-0.5408394599848003,-0.8847698087813858,-0.8452641760115647,0.013653707210641075,0.10832591409936643,-0.7911235922423678,0.09899037983779002,0.08184956155291223,-0.37518210193351353,-0.7346183180557802,-0.8339916029097454,0.13138010879424789,-0.6212946295297392,0.9738176210277836,0.6258189890223376,0.992979213886972,-0.4829865894868848,-0.48740736606750823,-0.25430385928649435,-0.006735440650346369,-0.14944765071003707,-0.5367051316204468,0.17287815270531093,0.00862046309526443,0.2641412603568358,-0.7447904097796243,-0.6868522875370668,0.12184864334721057,0.4583465867772878,0.7558674118607809,0.07665778925434896,0.14342077531617825,-0.4977396363764792,0.04026877666119799,0.6195643554324877,-0.4106898351291548,0.551707731292685,-0.09610244083962649,0.9059168681347751,-0.22073706963965312,0.17765071632278717,0.4584957753633194,-0.22676884220625615,-0.23128434477294735,-7.227459020531235e-05,-0.9918560068938749,0.86382663000272,0.7637463845450574,0.24824144094114908,0.6998252478802234,0.9677668692098005,0.9926336784688559,0.9019861012953057,0.2528913668542727,0.1973657630487049,-0.4264566547487454,0.10130326958553781,-0.4025676949660004,0.26202214198262475,0.10074378988606414,0.06853438501698639
0.17814523778932023,0.6677634826247101,0.9940767985600971,-0.2150452505474474,-0.27731239547649955,0.35871174640758063,0.5600922068703593,-0.9221183328289801,0.09305579090723204,-0.13856538607067903,-0.7791401303249856,-0.5091018502565177,-0.7268070437416001,-0.4157270534497599,0.03211503566902407,0.7987056425445107,-0.504516303427955,0.01797461602496364,0.9335471591124842,-0.8281436621207399,0.12798477685221954,0.7153864878396263,-0.6660673028936808,-0.44915320621476584,-0.6947752508930574,0.8710532509484494,0.23412775504834005,-0.209347325613912,-0.6414247858210036,0.5254196027396807,0.6253298687562572,-0.6532936813739547,-0.03500786580092052,0.8585171486396685,-0.8310387343309518,-0.06627510968377393,0.8191113671364576,0.7682957355243012,-0.797391581764886,-0.42186184444105046,0.5957755639236197,-0.5622147382585814,0.09323173934744311,0.3204501674144893,0.8644170953646784,0.7120398498609524,0.0782334978747774,0.2849497052197323,-0.660123681202945,-0.5194311581092657,-0.8644444420478685,-0.7731335199174085,-0.8875242002168611,0.23501012339811078,-0.7904491626379941,0.8927558519581744,-0.8342081197314608,0.26969877853722934,-0.030305251142664025,-0.42223136272412654,0.9583185158275693,-0.8451803655562531,-0.9418840831303557,0.4893132281831072
-0.6797463676137179,-0.5940679395246236,-0.2448764800579375,-0.3119651459920738,-0.6142028998304749,0.08356293819069371,-0.15620590612493324,-0.580437310089974,0.8912098314281969,0.8057775481500538,0.9185572008459317,-0.5567635228496712,0.5457973621785961,-0.4960995426546604,-0.04208997853711427,-0.2001636875149344,0.9106756933254476,-0.14373695704611378,0.9685777732311969,-0.9008965869701786,0.4653739384480988,-0.6273919149248821,-0.633057995653775,0.9759377278248229,-0.8529545566216878,0.25117231722891553,-0.1578602050796305,0.3254628097792107,0.3454314649062844,-0.5280558709409495,0.5626161632835123,0.15505411519923018,0.31626832416075046,-0.02728367084727279,-0.0020592772631826683,0.439903208529147,-0.8327007430813806,0.6845995651424064,0.7242769316748594,0.5178369133248866,0.830561697451242,-0.9440211662716882,-0.33703160094702933,-0.982573398687066,0.8983876937139104,-0.6935248750629615,-0.08664778480200108,-0.6532529889076388,0.7511075935586167,0.5128599312421043,-0.1961990667702984,0.15684988802509814,0.6791304753447274,-0.9729555497176656,0.563676486486508,-0.5393941272109128,0.38126254354205447,0.5897359468245271,-0.009199420248617418,0.08578802968366284,0.8799458586679878,0.4176699248649145,-0.061673317325116495,0.04685068755524702
-0.26246052185350544,-0.45260539532217337,0.46644101698842966,-0.048982468327864126,0.9370857108646875,0.2882189751904134,0.5450798178125564,0.7172643859381636,-0.3549648598237354,-0.2426466116771302,-0.6293437391655496,0.3042081818299922,-0.7688234400141738,0.8833983266476244,-0.010821771720965767,0.5630174275413948,0.4876833124164408,-0.9319138620218754,-0.14593040617780173,0.7701551494670646,0.0829238833547552,0.02677149872786755,-0.09848897988816119,0.9164692703251993,-0.34335836236776096,0.34384549553960686,-0.7785421962813062,0.21683283785998997,0.7892270979623233,-0.7807526622310816,0.3337766983445569,0.8750288644710196,0.5954359987711944,-0.9730604256963284,0.3362136127937585,0.7820200786216114,-0.2551449843485971,-0.0866152013339494,-0.28969982788160964,-0.11551404187789327,0.9938985586888722,-0.9887891813149443,0.06776727669771221,-0.5824498441826984,-0.6299902329697058,0.10154913937186061,-0.5009280698059722,-0.60414860376017,0.39616245414226503,0.04959297209287805,-0.03561810831720047,-0.36092671182065095,0.28029077420041015,-0.9388964748693158,0.07371436859508607,-0.11006420896876823,-0.40015774422924166,-0.03671721890384316,0.9839673875105008,-0.7709632277546103,-0.3662693296928041,0.4021442639117516,0.8563460392347009,-0.3694452887409603
-0.5982941555472601,0.006669033457895601,0.5256202201028615,0.6088203206550651,-0.020647995337898406,0.8129325258627904,-0.9043032194424778,-0.948158744470859,-0.8666192936888988,0.7086667463431124,0.5104594833883056,-0.7497596819844479,0.7062791465863953,-0.7001588843086646,-0.6602140238087386,-0.37517344559046273,0.7596483453748257,-0.6696260546001,-0.031444645256958115,-0.07990828103959569,0.9647946082572942,0.8661569056758853,0.9479881358955389,0.34332901755009404,0.022202855499143137,-0.5075450596633324,0.45083428471064035,-0.9911017729291614,0.2919664363636081,-0.2363196938905503,0.6161107421266103,0.41713489786725244,0.43356733742636533,-0.20994920102909997,-0.8884826641156953,0.5339713494669367,0.8922650334702331,0.003513259839436289,0.4436295817676681,-0.08313900542392272,-0.09363176919597072,0.034434658288576614,-0.9938368443239622,-0.3308613968752854,-0.49158128027698633,-0.9002555099155778,0.11801116293255487,0.6428492892810751,-0.012343999836628816,0.28956628773920357,-0.8612345842810021,0.1494067121695346,0.31310676842411134,-0.36635751667921346,0.8588593830344293,0.9297554181463077,0.21435861806856327,-0.6724045226190862,-0.3685200375524327,-0.40517903631376395,0.9488200729218579,0.8511202922659182,-0.2680418909304121,-0.9648381218013466
0.9479162986617296,-0.15950480167026382,0.7257078594921667,-0.13574923593659993,-0.938425525938243,-0.6093975473848823,-0.9166181948995897,-0.608419882702681,0.6294376219154116,-0.6606820066797361,0.8358763774514173,0.6525386484906708,-0.5669078131891292,-0.5528305573304915,-0.9219379428362251,-0.1499675897718784,0.6327330054679356,-0.1768800189675852,-0.7185040294703184,0.2858070047318433,0.9002119628030958,0.6641835018616997,-0.3235487387458298,0.9771367916613098,-0.7264161889368146,-0.4956055181856227,0.37149372840193706,-0.6558845928391663,0.18695834281860613,0.6839651055123235,0.23869514884183984,-0.0996100760298444,0.7522170151916012,-0.06981999562928709,0.45117367216086635,-0.20853677082287492,-0.953036099177144,-0.9357360755587225,0.1318294865495826,-0.7231313893055706,0.7877803639465166,0.5748522555061293,-0.8338482351654393,-0.3378888338508903,-0.9134866645856852,-0.8590701745861244,-0.01564288720807272,-0.8170956150190796,0.5207082686855204,-0.44886879387603695,-0.14208778834596436,-0.597740057281223,0.8437026721256375,0.7870330110396595,0.8495481085871672,-0.45192865865306353,0.5436594233657139,-0.36800721785403345,0.7313715824406912,-0.9540991571059132,0.8810212080657889,-0.01756387125941683,0.16672863621510103,0.8228747410042629
0.8620393858409399,0.5086370712040102,-0.9643032212950287,-0.15458962922718777,0.7280549876404405,0.43069390508589356,-0.731538136536406,0.5040613057580889,0.8678441007374145,-0.2502756505389989,-0.9107087329904855,-0.3554288744221932,-0.8017200970171647,-0.7186031675955806,0.11445370725602966,0.3939854685586428,-0.8929689623898214,-0.01820362967504341,0.47828623160458617,0.6635554907681462,-0.881722526625653,0.8460485353335534,-0.019534761134428313,-0.9063440577744399,-0.011481375451124487,-0.2546553437369954,0.008027690175582247,0.14943357001509328,-0.39902418613901336,-0.1301104540692668,0.5951627505220516,-0.5465766498496474,0.6723686454787798,0.09070030129924822,-0.41822432477489624,0.8648715738076771,-0.9914250141021803,-0.17011331098705496,0.5638866035700358,0.4121762177442234,-0.05249363328478629,0.7951998990145432,-0.1310037958499699,-0.21011819088599637,-0.7144972484524408,0.3500869600953149,0.43278827999378877,-0.8123910849350846,0.7271747701581976,-0.9664778464230201,0.8723066437988933,-0.1869478488179479,0.4823797013991802,0.20759088245214974,0.09058951764312417,0.7246000626510756,0.9017879816830112,-0.8270106525056038,0.9644328046492221,-0.25031235185178335,-0.037198324943914285,-0.8187459033205897,-0.03748106056930678,-0.9605034716233236
0.7784865186206149,-0.8202951262850533,-0.3675265827333867,-0.218914736187098,0.7417663534068135,-0.2064160634015122,0.9927469294785431,0.9274764011384828,-0.5410428119935233,-0.875481156439363,-0.9982172989258546,0.01600254685446134,-0.7130530236570409,0.24709679828987507,-0.666872673371512,0.620555447132729,0.08528172909814069,0.8777024935255109,-0.05977619903459597,0.47574994890974254,-0.8881137028776005,-0.10422433452099455,0.42651096244651354,-0.9168493911561861,0.7403287939638867,0.7098538102837939,0.5261416129175993,0.6359673535684234,-0.9895903508130848,0.3910957030378921,-0.5764302016923575,-0.01896628574088033,0.7427732876694497,-0.0725834766304232,-0.9297272532271246,0.4337983088800632,-0.8202840399983398,0.8754730092837741,-0.4416695673492008,-0.4579431431512755,-0.6061673706102668,0.6779965596423339,-0.17967193557130945,0.32990937287955924,0.46789889148967645,-0.3063425050838009,0.8766561311417782,-0.23765227021181512,-0.7610456479345913,0.9844037819871665,-0.5830026984742027,-0.8560146664252499,0.04351074404477817,0.395597462426305,0.12787512765567266,-0.9093025464330682,-0.36144622353962186,0.4591847782308882,-0.525593990835221,0.04677701516281507,0.028790382113080826,0.5001037962736432,0.8103763032497531,-0.17891917846029282
-0.4225334993649448,-0.05321607327975353,-0.09112905277440908,-0.6978575006724177,0.0828812448276024,0.1119874985905207,0.4944643180317121,0.06430286778398697,-0.18002527884733954,-0.3438885606217923,-0.9338060639476979,0.08698401840683245,0.15157608925468158,-0.036257101473122555,-0.086619695978716,-0.4113878308644472,0.38441486153585114,0.2738060177502579,-0.065094459470598,0.5352438028701882,-0.009980089025269256,0.0771489777011709,0.3183673547518522,-0.2688179339078913,-0.5719736908435784,0.48507118962321005,0.06076954963881098,0.4347853194204807,0.2389277645866532,-0.5535693918078151,-0.11280946345767728,0.8502626483851607,0.8303493143847462,0.4313573061214844,0.7156327388991446,0.9748062503799315,0.622682892913895,0.41852235166358764,0.0894516746879841,-0.4414597504354214,-0.43780743613715134,0.9888380821328293,0.9382636097929491,0.02360491493998018,-0.5654810174674474,-0.4204440838526251,0.8052795359547034,-0.10163155812094571,-0.9429501694684834,-0.8891949049383034,0.6311451779535957,-0.005524788707643502,-0.2013153777624912,-0.3952461276002648,0.06874578853673508,0.08456456221458963,0.17860183993041234,-0.5672007893337527,-0.06514366469403465,0.39961755429059265,0.6923481631545894,-0.8728048994721789,-0.006684930673748424,-0.8497987703529544
0.7942946894365561,-0.7720450887857175,0.40814730232777907,0.1244849701293409,-0.7945307190318271,-0.4315274956543089,-0.3605867890029846,0.038217195021831074,0.5692047870038781,-0.04065237880158734,-0.17673701390005103,0.757484881161179,-0.29300455610127685,0.7949757012765917,-0.5125976016864304,-0.5346698553137363,0.6609539710527441,-0.2615102618943361,0.9216092944061942,-0.021007748193150544,0.5612849870280097,0.27979690023279025,-0.8821384245083781,0.19171006633592946,-0.9957823745234315,0.7590008784288855,0.8557242908651645,0.9017032501835398,-0.7452833893315896,0.7838611897753578,-0.872323941074473,-0.6726555415579378,0.9058891510839806,0.9220525901671339,-0.6778285164455198,-0.7658880558145826,-0.7301769690049589,0.30491809880831,0.32062380949452707,-0.9886295859800951,-0.3843492191567619,0.427997009342457,0.5738190975586195,-0.41709772495985864,-0.4211537708616333,0.37594476606644656,-0.5548120506115044,-0.5749845072185744,0.4483512033069159,-0.6213472540030129,-0.4964204805984651,0.22443319777831694,0.09800410820684413,0.3583673363062625,0.41116617625983976,0.8912228384110767,-0.8418267837609477,-0.9949898233843042,0.503289526480585,0.01473158497781335,-0.6433329770440852,-0.2943204825980352,-0.5495061374143251,-0.6515544337934032
0.6777739258458313,-0.4297787805831328,0.6589558147593217,0.5773397152917292,0.8579327484123567,0.7762005363955868,-0.16402882399838448,0.9919381606290067,-0.572973062242522,0.10875393555363222,0.33417999294509415,0.7417959542308854,0.26725191223162614,0.26005916541938334,0.16250311211751822,-0.3823917173079514,0.7789189647078409,0.5944033768542638,-0.6117295430145571,-0.16040470587570965,0.5342558391097596,0.40704524503929296,0.3789278015942681,0.6581714542890369,0.48868861935783015,0.6510185551762167,0.40374508346849414,0.24746460592466057,0.14121234362125112,-0.30941087692034097,0.12970960586947333,0.027641786508160626,-0.7952128273284627,-0.8692152510697906,0.7224297308591869,-0.3896598603894823,0.8091144808310389,0.6210696548470895,0.264691901562198,-0.0006131528947239673,-0.5889538756886072,-0.6320993600689546,-0.7577054587579122,0.3445394414478131,0.3480133022021936,-0.4197777268861076,0.8560600841510011,-0.35190078314182527,-0.359773234481058,-0.06987548800442811,0.5818957849583437,0.31350866045684733,-0.8984713234567354,-0.48903560514816835,0.3193896003640593,-0.3600808618456428,-0.5638547726304093,-0.49909608326725463,-0.6475139031821633,-0.02183269712753977,-0.6680653936090801,-0.9196708162462404,0.5852460169497764,-0.10821474683624599
0.969508866740256,-0.1044046047067364,-0.780552880384562,-0.5169220730145141,-0.552727888069499,-0.19184971150088814,-0.32669752475595293,-0.22790487123682457,-0.8585457700526946,-0.19284865016061503,-0.044684299212340184,-0.15580767836477394,-0.04694042509199692,-0.9698206993959995,-0.1937052769024148,-0.9965865861557643,0.5617767418554176,0.26845246048086224,0.6170100395679032,0.08149883868826979,-0.14474085395212954,0.4832841696954169,-0.0992253450297842,-0.8963722054277878,0.9098335469798271,-0.37055640150230507,0.7723159031936178,-0.5305196434422947,0.8390075357753226,0.7969450494660413,-0.6922077229499863,0.28686365619901966,0.9283898145842535,-0.23256689751149362,-0.8260698637667763,-0.2463209708926839,0.9250254077324804,0.6561935124123834,0.5202514389580613,0.05191009096948762,-0.9175884033629367,0.8240427944794451,0.6420393741035149,-0.3293625672481335,0.6234148193158766,0.5599799995486192,0.6273998011332216,-0.8025998201954776,0.6986154569264462,-0.7671580387823727,-0.4839676260344745,-0.9291343994919508,-0.1034936323173925,-0.7433715482615295,-0.7279157395459814,-0.16404827190907745,0.2921743130061072,-0.8918996469813085,0.7473095328896837,0.7988762816832475,-0.9555716604330189,0.1607490943710601,-0.1343773731958875,-0.8643947109016734
0.6367222467945486,-0.5676907010389223,0.42396253504534,0.5606133979093528,-0.15552806815394393,-0.4184797735925927,-0.1711813052639457,0.5846897380402063,0.7215855201730828,0.3276259922052387,0.5867819577711135,0.11284770144077227,-0.7702045926344605,0.7522717938276788,-0.5362887565545933,-0.5071678524799266,-0.5178673576259962,0.9859857231904909,0.7332440664415307,-0.7738303835028237,0.9363654815536246,-0.33857196473793416,-0.7239777827022662,-0.15368759315283298,0.610761061690503,-0.6441087049341827,0.18012335456343798,-0.9468730780252854,0.4234968798804999,0.914993474973469,0.899334253712343,0.3846617900270537,-0.4812352808201794,0.7953378338523394,0.840312122346919,-0.8772357085709994,0.11863140212043777,0.19570462047732118,-0.10308253475520646,0.08273922109842657,0.9867178961504552,-0.5140264218007713,-0.12619121923413412,0.3925765795608984,0.7725153845330999,0.943300593719872,-0.868456295136534,-0.16518014756798505,-0.18930365529062887,0.5618143331841996,-0.18277628956187253,-0.1987428446627182,0.7511721534490605,0.7434244748371375,-0.8120326950888035,0.33310772529580923,-0.4441387726770587,-0.7304938471034677,0.30862369579799465,-0.23036297030652642,0.7363813758075568,0.43897487341366936,-0.3202588115007001,-0.29597171084419216
-0.07546290099959574,-0.005037192750879216,0.4015608507637147,-0.4274118558776874,0.16408847944804683,-0.9059120044910098,0.5584479006941903,-0.7235366089995168,-0.4032528308914558,0.09575041482245594,0.3313645273734773,0.6562504297012042,0.4897787420550097,-0.25657551235411247,-0.023372210624744705,0.21377714313753926,-0.5360826300490993,-0.2888803076409978,0.20430139498296018,0.8422725831606082,0.04628475124573783,0.4669252682242895,0.11452736672691088,0.44316798073417996,-0.8818568890329772,0.5508799858899471,-0.6465089733008389,0.2561710277513993,0.0355374459858504,-0.9000690300440428,-0.1317208759752524,0.438099754748851,-0.39481667105421714,0.09722306725298879,0.8600365652779469,0.3711386643498673,0.3985733606450206,-0.07251486767887827,-0.5777616127388832,0.4655464555506772,-0.0806924903154751,-0.3106539299435407,0.24410461365301184,-0.7177709743686866,-0.08974150052793162,0.39167175089122686,-0.7999080721692395,0.7795210808106166,0.5983500052748802,0.06813291203579719,0.6212623802282078,0.9702399437449822,0.9051401055466399,-0.9424541123481269,0.3691213922700569,-0.31320958190743653,0.12248969174908142,0.31527765570508115,0.585832763890024,-0.2595149430440564,-0.8573391465309228,0.3418474621269192,-0.2092120620421909,0.07306650216456156
0.9879530930269149,0.9530995141804253,-0.8614628806698923,0.5067371046050397,-0.541288334831272,-0.6284755735465624,0.7034638495479737,0.6191784491524501,-0.5262992191632667,-0.4246376832407437,0.8156355534227846,-0.7049595627225573,-0.549710133928548,-0.05760414677372738,0.23081053381758165,0.8221945872392984,0.43936312583761983,-0.41738837134743845,0.5233573056795455,-0.6109610159029657,0.5640690479772592,0.984792207830997,-0.8810779007068994,0.6872615345710562,-0.6361970444867784,-0.5006317392147515,-0.6260520103505292,0.48580989775302696,0.24152203085856505,0.12612193920143988,0.1682892204032418,0.038803361104442935,-0.5322856789333017,0.03467806225378656,0.43264040124497316,0.7013060289816053,0.7437728419266592,-0.5270813677788653,0.2082704336252592,-0.019373858007744937,0.03921942450413418,-0.5443267267834577,0.43791749408351177,0.9192646471116805,-0.9510627349345997,0.2702582713179713,-0.6896683684216975,-0.42530676952028523,0.8318895602916958,0.9658872640979657,0.9374730951854056,0.8502874433388337,-0.26994872892840216,0.7076480483628476,0.4036212191858253,-0.5411994592999763,-0.2877107801742873,0.004809307614736857,0.3460402412082877,0.16024879983745888,0.7226501051476288,-0.8962343351098541,0.15113607146696384,-0.3734292717418326
0.8428786710063421,0.8634748440707714,-0.5489722598973501,-0.3368580594752195,-0.9474854413212421,0.2212323837317458,0.7844034837132858,0.6522780422445813,0.9542786413411644,-0.8725924659034086,0.6906448016883469,0.5898702918021332,-0.7620528818719337,0.17214050885215482,-0.8247420876918246,-0.8929122580974918,0.8653457015101489,0.6862612219526816,-0.4987390018472313,-0.6441679122055666,0.2071111343067582,0.418956391359361,0.23250477320997787,0.8062430828091216,-0.6175904950740823,-0.7622307558477648,0.7763528897333047,0.5608775406592963,0.7650803116884106,-0.8266763124945311,-0.04690607402999447,0.7864838809010943,-0.8370714624796753,0.8346939904871931,0.43469156974152323,-0.625560091708038,0.9401487640914521,0.9857109628268121,-0.09927172240035875,-0.0761545551418874,0.7655611821761008,-0.40454605871055205,0.8116925865499525,-0.7099890810276739,0.9516828441645182,0.23808154511886293,0.40605027345823297,0.3851169533464811,-0.2970241826548803,-0.8551777659668436,0.5684645222974622,0.6159669087538722,0.9884167159537238,-0.8256636309863634,0.874710536026621,-0.46162351394961454,0.8513069726265436,-0.7092034104426752,-0.1031434216126792,-0.20436712998903284,0.5538595036717506,-0.5946000347602849,0.4283109097839175,0.6875989181830204
0.3172833406750819,0.6419646843826652,-0.28515232427103476,0.7196016634045532,-0.7415918720534405,-0.34863051030523207,-0.7726259973178058,0.9482079972439152,0.01069079644088089,0.05022044071139886,-0.8407095885208067,0.4726604801136929,0.6906722399642202,0.5547356681379894,0.3276400642793471,-0.9599477080291143,0.384859980891874,0.16285632773427228,0.06459895575974728,-0.584515744192057,-0.7704664351277513,0.7666593037832312,-0.88663394377659,0.07455481455888391,-0.6331894811478487,0.3349300692296784,-0.7020154166999648,0.5474244903984955,-0.3867308248046213,0.5319676274131742,0.31329741233247255,0.0014713703940172351,-0.5393248332229768,-0.8855322356463067,-0.20725206849369937,-0.6369368079980475,-0.8678472853762194,-0.6498675938765321,-0.12670348615122462,0.4584923962744196,-0.21983367348024108,-0.272682285634648,0.4863114916033746,-0.462869751136294,0.11538741814347286,0.5828566807351381,-0.5759588581926345,-0.7544201487931812,-0.3896054284934076,-0.9875311581840409,-0.0446669056519855,-0.7624296810405065,0.8181534103306485,0.6829487381692512,-0.6622156243308999,0.6000591202021399,-0.9444789902004418,0.9274604078134887,-0.9890346356691453,-0.17749840388988325,0.7737463726858014,0.7730703677800443,0.017845025303274475,-0.13194409549846986
-0.11384714049039646,-0.3542624649860131,-0.026882496578002568,-0.02871767977163664,-0.632399667318017,-0.4335719109889469,-0.055397486552189124,0.25510366055978984,0.02603546127021028,0.3241470220503888,0.37916169480036466,0.7154297037663309,0.375559673746765,-0.40692665366588043,0.2762305858894456,0.0039901712885550555,-0.32461539870198397,-0.805742845232172,-0.41065701064976623,0.34543174066000093,0.42243286556802606,0.8032326416913347,0.8830282795817126,0.5568744323317847,0.5696762676413294,-0.8506438650851438,-0.320750203471706,-0.16432887781398087,0.29604315494161937,0.4455348823017,-0.03140154227794412,-0.5002854801350403,-0.17981863795586928,0.9830902621616502,-0.03171431547619186,0.7579040720196364,0.5240564249086099,-0.04681956629349138,0.19555493893876363,-0.43284317366945424,0.9174380859826132,0.07088723963542298,0.8694259918989813,0.6313574279291132,0.5793613277243568,-0.6351165084489814,0.1872423005734869,0.40383123897895135,0.6151436706863642,0.5786161654285109,-0.42152636886501504,0.8289083536966366,0.9888951015188945,0.6923349065486573,-0.9327765104688537,0.6223097312765207,0.4926430534844273,-0.6311715781986114,0.1275634267802348,-0.2349555330790849,0.46940983779783396,0.4952878947849211,-0.6470638247779685,-0.27481337343819945
-0.24228184064786795,0.6224250835276455,0.03300415922272615,0.8508244203993229,-0.14798151395972425,-0.32066556358299425,-0.8324014468201995,0.11071313862858312,-0.5265507523838611,-0.9711562647152825,-0.2911028125461568,0.4726239213120347,-0.5786004171030734,-0.1750456171027701,-0.23862102005534225,-0.9913512134285118,-0.38124048878577366,-0.5752002146143163,0.019583251693974013,-0.4900754191414274,-0.3909525433792429,0.5552762586143067,-0.7532026421141347,-0.4094104162251555,-0.010700690173446992,0.07525731508061995,0.5640830919907365,-0.9222923202910251,0.9942759310427942,-0.33278860443732183,0.9456993688835478,0.7631713560657449,-0.08904011435074488,-0.37979125085754184,0.2696834637287775,0.32225671061242434,-0.20415245482984035,-0.8001821416309869,-0.15535615992675278,0.8970238920230649,-0.7316797181850108,0.49258036170634245,0.564999649573116,0.0077815575439614815,0.5787653058383597,0.227385029316286,-0.21110197331668257,0.1287903745860659,0.16716813584727053,-0.8714032180106555,-0.8937286728844427,-0.43435746423571486,0.9893574840045374,-0.43806854344604274,-0.6627147097959989,-0.035971998882123435,-0.9551160183305729,0.2167589768227387,-0.057624457500701665,0.6812682606330811,-0.7744359535969412,0.45488024416572936,0.2878858646667264,0.8405422929238517
0.1199076647296855,0.509593910337675,-0.574536420816032,-0.48742556922806934,-0.2790329099984159,-0.7251583927672884,-0.7938753163828924,0.09928445133099117,0.7165678276085454,0.34023116349571847,-0.2898773607408698,0.3592317942459273,0.29062866959809575,-0.9706332076289679,-0.4367562985156095,-0.010357777320934236,0.5949199167976646,-0.889118089408494,-0.07695307184984546,-0.7122152954927592,-0.5970715918340785,0.3937353843208615,0.6022491119230482,-0.35853189159961896,-0.2650372900948146,0.5702725567624349,-0.4082967972088887,-0.03921062035646483,-0.3773834062757957,-0.692588258422739,-0.1080278716404508,-0.12145183177319452,0.6713928749157412,-0.2681785199483764,0.4376946380163327,-0.38602274072116427,0.5694916306377578,-0.8861318749106608,-0.13141003535443474,0.2769287708092527,0.6883598468777008,-0.5531042865456881,-0.5141228200362893,0.10795101287932729,-0.3359121514486312,0.28405580072187164,0.8403577068829855,0.07848253568649266,-0.33100984998229666,0.14199613457793636,-0.18944037561625793,0.8934072708773293,0.28351750511955354,-0.29033921010809705,-0.025200111871279685,0.4073446600424211,-0.7739066714459826,-0.048926232766117295,0.6500431493793977,-0.36251146742524476,0.7041565863147798,0.06444823711946324,-0.03902195678761777,-0.215083878373316
-0.314689937676206,0.6314628859923233,-0.6566779130099842,-0.24977238785774025,-0.47652627758900135,0.5072810905819483,0.7224594684706114,0.7674410856047331,0.03642906883178121,-0.4917724140463702,-0.26835789770645446,-0.5356452778554932,0.5767064836907305,-0.7030103006045798,0.8249509716928487,-0.9333130573460751,0.834569426099365,0.42809879039953236,-0.6947077455599064,-0.022523953486407233,0.05245602492064627,-0.7679561903466241,-0.6987893751174354,-0.12336327188310237,0.7769172756334466,0.18918813838498227,0.7602476481915335,0.34564527984726956,-0.0008540385300135345,0.8013890279447948,-0.035804583343759466,-0.42625931947161333,0.2502198660512831,0.48689647591747875,-0.42062429834561055,-0.8573350475037145,-0.6583532664591907,0.4930826040822056,-0.8968021361709206,-0.46676713292493877,0.5575310848999888,0.5157869142320728,0.7239258506452593,-0.5894407060003997,0.6142018382552807,0.9763491046635384,0.3124678953881166,0.41641034798541887,-0.5770444991177945,0.7475423706843938,-0.3876229572562242,-0.1694245170876323,0.16209468565859209,0.4846000452062862,-0.10451652554415314,0.5249185074590947,-0.7727015591686697,0.9225231002046035,0.3993724023680534,-0.6856318218718485,0.16394846341928426,0.7512420328608069,0.38779684389479585,0.6912686624913273
0.5186976173708033,-0.5375132315357607,-0.6398738793560814,-0.16501015482334092,0.8449316257514214,-0.4698137909031086,-0.9401921500178378,-0.8473833939298294,0.13466766446327982,0.02855573955829427,0.18533638588027568,-0.3623950584953233,0.9135836888246458,-0.6359247232941272,-0.05201697730118382,0.6692443935753125,0.06768438351409078,0.5387042333724741,-0.40072672681377175,-0.2443271083565972,0.42206753773578787,0.9672590532392507,0.19899243304934622,0.15170448619206311,0.632390535260162,-0.2677665768007038,0.5506305057008769,-0.4874840277444379,0.2459379074616206,0.8606729733040821,-0.8059405811432014,0.902651476156211,0.27127706419268405,0.9623014386935722,0.2370854741114654,-0.22460662506818263,0.18482080536448997,0.36577626511614847,0.8753691403425403,-0.6270216134102669,0.16860257052908056,0.683389260176581,-0.1681117576012654,-0.41539723398889716,0.8732986995445184,0.18750464920788246,0.7569450558873463,-0.2879429472798172,-0.5639592986427993,-0.5327121672008561,-0.3324833681823589,-0.8223274548743995,0.6277383001552796,0.3145937119708593,-0.8319108148334655,-0.8286363114193362,-0.7930964161120924,0.6388491275388339,0.46571116144590397,-0.930530513273309,0.4278340070329527,0.18314337599849195,0.7886568026275942,-0.7522136489105771
0.978771229118337,0.23851890807669363,0.18460877883763538,-0.3258242604517454,-0.5233034309056928,0.20053176111078952,0.1852740068090175,0.4564271940141438,-0.11530780533150264,0.6339415480246267,-0.5795137779689004,-0.9869123118831251,-0.30499821332183386,0.4252969807392333,0.8203085923292257,0.3250446645046434,0.17941612592007106,0.6635434078603983,0.12239338541206068,0.11584472866104512,-0.8470869205275839,0.11055478084530312,-0.0485942082941595,0.7725881173402878,-0.3733190641943147,-0.06986176211440376,0.7255631432972731,-0.3316055796906743,0.5446189879022383,0.3849150996571491,0.489038859945669,-0.8243594521361939,-0.2892291886384688,-0.6818848036773293,-0.42071772735583024,-0.2180067365128573,-0.4672129469284523,-0.5812071147363451,0.39594898016080715,0.18509676742009007,0.771238066576496,-0.7039034609296315,-0.3094886198770417,-0.5420942251101764,0.5598656744959616,-0.28088479064818883,0.3861516107110965,-0.5139343429764518,0.9314363595988933,0.3214303407789372,0.2613474719799518,0.5832057219364104,0.4300421341176386,0.9459494978607825,-0.021937441631753263,0.023356569368468083,0.8860722564168699,0.8981305506345061,-0.08300965591883536,0.22468320700039413,0.24072283963969632,-0.9759219066424649,-0.32120559531863235,-0.27399992055552014
0.6793619489589513,-0.8569532993004696,-0.7262228484984519,0.7422978587642266,-0.4311029241291453,-0.3470919124987193,-0.04973867201963689,0.8401425613292259,0.34843807447520714,0.15933338908963268,-0.15364015477783144,0.2524030287033492,0.5062228834781397,-0.023021774552507424,-0.5446302428639236,0.3403570538625629,-0.6442440753134551,0.7326261974886463,0.45563142894046105,0.07049093023398201,0.7416032239748167,0.2810431039838337,-0.5815497719644516,0.898414497600958,0.4289030788341208,-0.6499380192466033,0.04381808368408202,-0.027964294914971433,0.8323129779659642,0.7074960345397805,-0.8889626024698394,-0.5273359577799952,-0.1788481261862147,-0.6974417674994451,0.5865217864981396,-0.6329790373444857,0.12022346097713155,0.846702886504433,0.7020998554364994,0.6952951292878962,0.6861283981144048,-0.5197182976943218,0.5584895642037278,0.8464664692952724,-0.1606775410324095,-0.5307279644508969,-0.06585821016189186,0.3643121958340598,-0.025115384272539565,-0.6797718881027539,-0.20748113323763895,-0.7642888307549678,-0.5307972888378354,-0.7983917818576522,-0.6148241219020678,0.5671048170136579,0.6457967688105632,0.3147147064601894,0.6080309675663815,0.31796402979162086,-0.22265801032225196,0.314432302369932,0.045538679195896936,0.19039111444159929
-0.19853031806159405,-0.39527703590384644,0.49458020477303166,0.8307034271331775,-0.6316895929844335,-0.6639070837876748,0.548855456455259,0.6391670201354092,-0.1956817535170121,-0.7122298723601554,-0.9602748642392007,-0.19862962319229283,-0.865103168248545,-0.32161350074674133,0.36230092593910124,0.4002361997482311,0.8860649321040659,-0.27359065768972335,-0.3433430462391227,-0.02847925386993011,-0.11675323744395572,-0.6695895127951621,0.8732352287301715,0.20341595752310537,-0.0471158133255527,0.18561232873254552,-0.6768454993138178,0.7448433806626291,-0.9452313057479798,-0.01092585174110372,0.24279485588385974,-0.7686801437463922,-0.28776969267722796,-0.8864758491538085,-0.148291392432776,-0.18079048609683235,-0.9310952998298492,-0.8361086855580606,0.0748863399120685,0.2674298341253418,0.08523340102881027,0.6852869043813377,-0.8917327507554547,-0.35569566990492496,-0.43381384415204405,-0.7564573644671198,-0.2790719004052471,-0.6449130428724426,0.9601895459803556,-0.9323781238951216,-0.2960181693562378,-0.9362749078447035,0.9875982611009988,0.30661987175539585,0.08222618048686958,0.2535074421630119,0.7092990149355645,0.8286139801130807,0.9665720360876544,0.5785596650972289,-0.46571531676315825,-0.011236474057753743,-0.37142174875667977,-0.6490574036003056
0.7690757400863162,-0.8977204201705684,-0.9118414953482068,0.8156988262725937,0.46241757665156236,-0.16541211649797005,0.7519263142083368,-0.2473254727969718,0.38691052069352616,-0.008511659986494724,0.1508661986997193,-0.7695350162499495,0.586328286192835,0.8705075374491689,-0.3732761280544681,-0.40122651021345734,-0.5518318629313836,-0.542598931601814,0.773861464405238,-0.3090630416325093,-0.7822057575442145,-0.9299734902439527,-0.040180734636250826,-0.4212369733258765,0.24746541905501873,-0.12666908931414445,0.3565018115915517,-0.07943754410443948,-0.6476088578867734,0.34973866814531585,0.6516163631333005,0.10932159496257388,-0.565462212789408,-0.4088653137359186,-0.026712626261978567,-0.8621130663941037,-0.8520263787073858,0.7753804067206074,0.8745259746528531,-0.5550610940933567,-0.5020519524487763,-0.5431532619970485,0.09728144163130303,0.8635646895724398,-0.7289772236016177,-0.12905107424513407,-0.859877365406261,-0.8129136848057972,-0.45807664076884613,0.8668227113464524,0.04692757909235379,0.9319219096335893,-0.6572393217582249,-0.5066188473236175,-0.749097715698315,0.0791191014485475,-0.17669839779812913,0.8095610828947339,-0.1964761349399864,-0.06840615219549706,-0.9199471629239806,-0.6055865856938323,0.845680996523468,0.7735014959859341
0.23316852066062732,-0.8828179347453218,-0.9027390180829051,0.5885905671020002,0.822585456032872,-0.9669547465055697,-0.20249033848258646,-0.2079163303251912,-0.42907195172457313,0.5356659113401432,0.06653823771119938,0.9534171146019661,-0.41724269176116646,0.25506703460626645,0.41733798166548275,0.9197454428892955,0.4316392940370919,-0.750550705954564,0.03686368705313381,0.25853146152032247,-0.11978575070401942,0.014702610866996313,0.7608270021465016,-0.3588359925132618,-0.4733480579839333,0.0698105081115421,0.5328800372644384,0.6120853287372268,0.23536366508995976,-0.07981604235255424,0.21795273263381043,-0.5549187403766216,0.5133410744652998,-0.010507305231349129,0.003456869448582811,-0.28627943116445076,0.8483516408099052,-0.2968559530158621,-0.22395238190125655,0.33948395228030415,-0.5509966239931523,-0.13244091620658627,-0.809879655001648,0.43537976855202687,0.6568725045988129,-0.37367384049318164,-0.15292097422343587,-0.024067363336585545,0.8805803004257764,-0.8670649234240457,0.32452864282375704,0.9645152662831966,-0.9991540244321955,0.9374253661249761,0.3041258616495357,-0.4345246000738172,0.5691938355435695,-0.045642987546601566,-0.5834624817694065,-0.5834904548303474,0.27341535852689836,0.7873890316056376,0.04096815856592828,0.21493425383241926
-0.6814860530088438,0.017041936283493264,0.3287628288371296,0.439688988246532,0.21651496109791668,-0.15603534501879857,0.13508883601025667,0.14920674131347078,0.7662847534662522,-0.7417155977313727,-0.7838049088536763,-0.282636191184352,-0.021336234146268396,-0.4380431663705364,-0.2938209515746226,0.5170727719290544,0.582401074337701,-0.49800550466903726,-0.43567810513333116,-0.4610821702202341,0.012494471132795448,-0.4099916547575686,0.9206399381978554,-0.10633943316239369,-0.442774448852183,-0.4462912218696735,0.7621499836546557,0.8522746885304444,-0.8601523497584649,0.28731648767443607,0.18732107086445082,0.11426631189620418,0.12700046809450716,-0.07147031470601495,-0.9304001505232318,-0.7992538260361277,0.43327079438717964,0.9775480186033032,-0.043054014045350364,0.5488984580000111,0.7368242151577518,0.46663694327449856,0.24856939190878125,0.7953642543701454,0.39668173810867846,0.083620820499956,0.4138881793598985,0.08205565492158717,-0.27986978837371557,-0.8838794281375253,-0.9822175098508523,0.7936137228266182,0.41923652938563216,-0.07676120214514004,-0.7332648539598665,-0.39154694122989175,0.4736502145573247,-0.8382472011771787,0.6750314700858568,-0.9740104738508724,-0.17558014298910152,-0.9333009822351881,0.3571809083134805,-0.9357373639334501
0.3065555569352256,-0.4319694465158894,0.0895695410409636,-0.2732125624651316,0.6871053742762294,0.46529220635946467,-0.6781747913155511,0.2150404809703783,0.9805151526771101,-0.37546833905026333,0.33891107489138217,-0.4210426693204288,0.42373425707490653,-0.43543902629470144,-0.9546896750517841,0.9496043585431764,0.2671233730673761,0.38990251144568333,-0.5366417512916235,-0.7019473173071524,0.8833086229159552,-0.6775112951618647,-0.33769944114887473,-0.42418684764265935,-0.7341003149173513,0.3845381749485497,-0.33220919615814903,-0.9418859006344684,-0.07113490266111677,0.9720764641634685,-0.6963486145232292,-0.11115968047666036,0.28123505159395945,-0.18788769015689266,0.5057949490234506,0.11222843584159037,0.6148462571268916,-0.43280436914472187,-0.8109991373203256,0.6088964598546389,-0.5255890670632801,-0.18015830478051198,0.7481215072512386,0.9751760861308276,-0.37544498214815336,0.14712791037352924,-0.13749342534228792,-0.7586399342109038,-0.012581555112006537,-0.11113664415896585,-0.5977927906427161,-0.2223450141352048,-0.6767942513503158,0.36230218247547663,-0.9531019960985501,-0.7642853254434006,0.8971367297276811,-0.8017778534668916,0.6927417092959258,0.04708856082608093,-0.07234651452435492,-0.6362793895597569,0.5325314699381805,0.31428748217999525
-0.5272899522376122,0.008643038907723888,0.03219953079424265,-0.7543829029956342,-0.38511675499133724,0.9997654345311582,0.07499995392503078,-0.957274406271762,0.423668439467243,-0.3173523712665174,0.48869991585980266,0.9547146673388052,0.5737107600677949,0.6183698615921502,-0.05709409882817029,0.5437135278326866,0.04434780725286358,0.14117817382362152,-0.8167719192120722,0.17041276168105002,-0.9037567430250881,-0.7240449273651759,0.636587773332046,-0.8918743690941864,0.12097399876673487,-0.4605449493514735,0.41687271954795757,0.669577579443287,-0.8917088138790921,-0.061944222662877246,-0.22378215127546786,-0.9677662093915143,0.6762972908309752,0.19274205940520583,-0.1803316968734252,-0.26751370605039204,0.6311797650327575,-0.5125643446035524,-0.38170891365344617,0.618174209877586,0.6004882460430463,-0.024081324070990506,0.6729663645418611,0.9587824655572792,0.5201723905949986,-0.2144100621685554,-0.24276350875446973,-0.7884949101933827,0.4358191471938848,0.47988647949345364,0.05608814220132263,-0.9010997318443463,0.5505887709290547,-0.6519482594656967,-0.9783226835642138,-0.8346060332967418,0.5266916681884868,0.7418309230782869,0.6650828611378974,-0.3562088797255172,-0.680799871491385,0.7657504888416125,-0.11386204630754837,-0.6611462071451517
-0.23453810778526485,-0.32418249200930416,0.6224861729554434,0.5824998445173555,0.9522849274709744,-0.7765534720582146,-0.6538311587984773,0.8520451703610554,0.58642247375047,-0.7449524653771153,0.7346693108503244,0.7927722677498856,0.09764481352318266,0.05257575333397768,-0.8459349858791407,0.719428189801204,-0.5075512169175076,-0.5093923588150842,0.6726775719795937,-0.09945080904218906,0.4062116076093114,0.07718098262162076,-0.901566616237611,-0.9965771623024973,0.9187783707768407,-0.5374269273262484,0.40363352636268535,0.8602006970052163,-0.8151765892374434,0.7213745274679486,-0.29312018984004284,0.3316122441377287,-0.723432327123412,0.5903076188141043,0.05695792514967013,-0.42558513434056966,-0.8925302035635605,-0.6675414851990007,0.1645606173351859,0.6807963512479964,-0.7027786412504835,-0.4217680491243896,-0.6352522257077442,-0.9807460775684715,-0.7955754401219679,-0.7854536960429395,0.5382510745733964,-0.17047233536635575,0.34478539508064543,0.6060265736169765,-0.554276584309741,-0.1253352633002336,0.3000401708301872,-0.20310622168941062,-0.2936643022730019,-0.3469881900411167,0.8825570900677906,-0.9534412366756664,-0.3455161511970013,-0.21651756547944734,-0.6099396608479601,-0.6907840393498983,-0.5313173712963675,-0.40922912687498103
-0.31329529115823584,0.9944791798017378,0.14464318011647315,0.8401678898146494,0.9280745702302611,-0.1815165078838361,-0.14492469219898285,0.9796266038622119,-0.6415694837552657,-0.6439611077169134,0.5264588324442361,0.8909645873930718,0.5968144552417327,-0.17621488376622363,-0.09280169720858389,0.10258919688327661,0.5814485583293851,-0.7558418032773904,-0.8057203892390745,-0.25387064285313343,0.6343470918163323,0.6539943142560052,0.9578860130478399,-0.869855918096134,0.9501137992133568,-0.035743877807429936,0.2730468351786799,-0.7312037267049001,-0.5174469312747683,-0.6874333161702602,-0.1945757826191632,0.3661478930682702,-0.8832620156337572,0.43668475901845527,0.6953009727103692,0.9679353552965093,-0.3301204306041481,0.7106612544814703,-0.4465758392186565,-0.15191601990837023,0.6374055977022666,-0.031155673070115908,-0.004820989139269871,-0.6420543385189617,0.4930738389167235,0.20668928730268932,-0.6664885900170163,-0.15964968338633923,0.9108212485504408,0.4930422869458333,-0.531110807294439,-0.36707311921510666,0.4511276488956668,-0.7955745683995112,-0.9583354515309435,-0.21281300469008668,-0.944588220418783,-0.34778522091499764,0.9811092466444395,0.45176239994331313,0.6458616125347594,0.621647100498099,-0.002011063729850493,0.4346437149787514
-0.8989843658645427,-0.4476328269654406,0.6670149582848635,0.13463293875640292,0.5339739101125669,0.5767292344503965,-0.6205245451777344,-0.34063835815312826,0.5999310013460273,0.8938606787210235,0.4988215818621944,0.4557902172624346,-0.2900121418184143,-0.23716855322634078,0.6456604902226357,0.19291477189702855,0.3031768605661376,0.27016035931256077,-0.7254655588737433,0.4682327924980947,-0.6384711733960471,0.13387163664703072,-0.8211169717738178,-0.8102271724422188,-0.5635059480197282,0.22057445388929442,-0.49075045902934633,0.3014852343075971,0.4055870015706524,-0.6901050425611239,0.6784728918579683,0.0856530649765539,-0.2607928586811721,0.26624330695686904,-0.4410180791092184,-0.3648771154857884,-0.88981973423256,-0.47445878177051726,0.19021953631543664,-0.053402045455590574,-0.3390566342717314,0.8215013523881987,0.5389680441966689,0.8408436174110199,0.34274044871860276,0.4594440865888114,0.6188953805458155,-0.1650340029033317,0.2730228206191625,0.3265160399271714,0.7246865973021879,-0.3763374975097318,0.01949830615211612,0.26470636475748877,0.12487692739108658,-0.4166000701609911,0.39025188754349527,0.8163944321598195,0.4426456371715364,-0.7341980412290325,-0.6665527737643362,-0.5846175384256025,-0.6525281354677139,-0.41556017488389263
0.8329060055555604,-0.9897598547024034,0.755171731477914,-0.7257010123737213,-0.9410328079290795,-0.5531661068175131,0.26701753517551796,-0.7626490684119531,0.005357956633791794,0.6181787637285758,-0.7291996036124244,0.2426152199374254,-0.035799985021186975,0.2648263022009081,-0.4965355853562836,-0.783545351026927,-0.7200953892805515,-0.34756760342511406,-0.3598437275127342,-0.3799576367173001,0.22716659756390878,-0.8728941207862262,-0.751873152724696,0.36629226409527527,0.49272732219621074,-0.15934208684025042,-0.21023735561371382,-0.0553769239863664,0.9314431455910928,-0.9437901076406867,-0.9885621605976742,-0.8242942412935217,0.14132846296249846,-0.350039044171196,-0.34459138706994974,-0.149776493196228,0.06706392563165497,-0.7107990926911414,0.7584203773552971,-0.43736192440112776,-0.15679009774125574,-0.3292564827983133,0.3572017599895059,0.3680670696548374,-0.48356066687434884,-0.5930145110423022,0.2662342925522352,0.19676468714383843,0.794507437131114,0.7797097665131245,-0.08428172341072404,-0.04441883230153554,0.745606859970066,-0.10584133262280981,-0.2521449607308863,-0.2757452495601105,-0.8985111674012702,-0.23309759392074914,-0.11968329561340751,-0.1144497782924967,0.60420089935843,0.23653066507957154,-0.8655438003854417,-0.2267105104858247
0.46386521585056695,0.2973218716074002,0.31361382314681685,0.8196027229797804,0.8896979007800201,-0.8017314614623001,0.28682452804574576,0.3414674445360826,0.7463957808317099,-0.6601977570978015,0.5278204363505834,0.9908456152403593,-0.46658553174509687,0.13521148371574543,0.6568120220286136,0.8566732648248636,0.5175942809274794,-0.44368789629554817,0.4066512376016378,-0.07141486807285102,0.7479963875426547,0.26907143544021284,0.6415473859318381,-0.029321287424419307,0.43198194911645826,0.4905007566898101,0.5843796960858447,-0.9623743683393127,0.6917420503062437,0.5761364629797325,-0.012591073002804487,-0.5170905617963484,-0.618605537055213,0.5140724484489807,0.4920761718793105,0.7451606454933846,-0.6190895897146764,-0.701026464592873,-0.1159724167110121,-0.25037011265694487,0.4930158475084323,-0.008348609628481496,-0.519215463269523,0.3970870063675507,-0.06558803113745859,-0.5894876620149585,-0.2723546551945646,-0.2135916167051577,0.8152834322071372,0.1518584799057614,0.9297104821157753,0.8940251579253091,-0.40631382386456916,-0.10273883450074095,0.9626734082790693,-0.5381700062945209,0.028643210143230124,0.24577099592560803,0.21967502641948022,-0.8940349399636791,-0.7495549729083348,0.732434866946994,0.003406997574823656,-0.0361491754660479
-0.5312521918230617,0.5579674524486249,-0.15370353786169666,-0.2047816610590989,-0.8162677330401453,0.07329577898681472,0.9370177950531531,0.6617619174892264,-0.5774447132427314,0.7834259724025223,-0.9057490168741376,0.26770340970463025,0.8977637038946118,-0.38083389268104195,-0.2350242212612479,-0.048695343274762326,-0.7418622310402201,-0.443398678303222,0.671117267243935,0.0036298121029423314,0.29971100395084993,0.7757615943206637,-0.9175627425845081,0.9887660968413403,-0.30961137766150193,0.8314067370255074,-0.35946387836216687,-0.9490022311483848,0.4151963652640871,-0.39293816796841385,-0.2241923915091355,0.7875340472923109,0.8804616211650249,-0.8105492963945333,0.19866574502143597,0.8919860088459406,-0.4637706918048716,0.9377064970672768,0.0075608901490280545,0.02270262768101472,-0.47103881683695015,0.6553171740232915,0.09007297020151372,-0.43976022423344685,-0.49642260402057636,-0.8262692242791141,0.5203556223171524,0.9701941968602699,0.629163366390028,-0.3375190363423821,-0.2458832032641134,0.9837840702451581,-0.3091719590733242,0.3537974385077174,0.26383946954494353,-0.45127774637240403,0.26565086391242687,0.5790334248127242,-0.20472692433405704,0.47857017966084303,0.16681211485198943,0.7012773152263134,0.5129635362408262,0.1899074372740981
-0.8829925798983689,-0.33348389743057893,0.4562031361791732,-0.2664126773280133,-0.6344803308006619,-0.8461509999870713,0.020826896850558718,-0.6495143154637824,-0.24889852550259395,0.9392477802305785,-0.1356218449751505,0.650081924110145,0.5042119919263408,0.025920409065769423,0.7119015311162029,-0.01859265681463773,0.44392031336687143,0.003216631924662261,0.5426720621969447,0.24960367931617555,0.49445260221115417,-0.7667990857471889,0.9896627380887768,-0.7738953476251318,0.9243207296757796,0.9429257833286453,0.05280473302860522,0.9189010353091016,-0.8631446790366595,0.5511019976677851,0.8624794200068697,-0.48216808574732606,-0.6389064538106044,-0.1630051187165753,0.6478284788839972,0.9183306436274485,-0.8135939828774827,0.5802010448529824,0.06572925740776303,-0.4348305865540676,-0.8013659692843023,-0.8166727303821983,-0.22161847940609847,-0.7178517596093235,0.9439542396569045,0.6420260928310051,-0.74224810342456,0.5140866114865124,-0.3998825297645887,0.15865653231615684,-0.4612617391752176,-0.5096026524588917,0.6599762921865322,-0.221731158476975,-0.0708674894294985,-0.03597706312198756,-0.16000953557554065,0.22959040811269626,0.028064109828258132,-0.24845993551619583,0.984202360029381,0.46900279781846677,0.32426643329962057,-0.27528706557999505
0.6628888221736129,-0.8320647763493239,-0.1522808173090986,0.6230933800947727,0.6675976196146836,-0.6027118369794773,-0.3703745165051484,0.559609553581526,0.7823194026746503,0.20074983009177938,0.26507562540820984,-0.15204192447829668,-0.6664543438911779,0.2650534719657409,0.8886803543359156,0.36730910103432945,-0.8212633468014086,-0.6185766156094625,-0.23437671579917008,0.9308390858584172,-0.2295095213685392,-0.002234929242372674,-0.9810066111931024,0.2805265460721429,-0.14459313378578553,0.8803031756033735,0.04357519835100865,0.4315710549093259,0.011847505174251927,0.5859758152266916,-0.09618965504757471,0.3730389441954147,0.43865663854761516,-0.5409329478013765,-0.7719602927761635,-0.6193178856385573,-0.34580389578127124,-0.2451067601763124,-0.2792070083660183,-0.18452885819287923,-0.39838948531463303,-0.002651243879524756,0.03255018180595837,-0.09153186139803582,-0.13676925970245568,0.6925003208623057,0.16526732360109841,0.43628215249391467,-0.17691218236627204,-0.09412329344613246,0.5477591149704646,0.5721994285478906,0.06164547529584086,0.130724292542592,0.17272949637385238,0.2898238580681891,-0.6434805931236391,-0.4442714347171932,-0.541085000122256,-0.5260928152577669,0.4827736711792774,-0.5428270239916697,0.3260555927887303,0.6227440399995468
-0.3147055002102206,0.05568858536493759,-0.5976320956302548,0.42804521451586797,0.5636517749780567,0.9579959772894404,0.5713481601125425,0.13927039105524153,-0.9777231548503296,-0.41419021092142816,-0.40440175648389376,0.42461059930960254,0.27151030640532303,0.4221566421798175,0.899682291544484,0.1595695094281464,-0.09488111841266855,0.8477082839580985,0.4930596505553553,0.6700512535396312,0.039649412568750764,-0.3495108883228186,0.8267862245266995,-0.847130622739076,0.13026367633619595,-0.8191036118938282,0.43770504215454387,-0.9471221870647286,0.6516006513700534,-0.7396140029489042,0.6781174991923413,0.20704853014498936,0.26785792028232946,-0.14896490284581976,-0.35299901013718826,0.8391544241825877,0.3094722808974264,0.8907518409945767,-0.6400341565736476,-0.22663722806421616,0.5171529649916746,0.06939914593862273,0.07155580476942003,0.8650400708658341,0.45805399664975943,-0.03323923061184253,-0.21822153120557042,-0.44283377578379657,-0.05914234914777028,-0.45087453833661684,0.6258595109432841,0.9201131785306036,-0.2543668004952653,0.9578505463146427,0.9631707107051091,0.7532509270965804,-0.27479852803721405,0.8076256669813258,-0.2639234776677879,-0.884179950778182,0.6707503467348375,0.5355451486036018,0.18682073029819501,-0.16818695551810592
-0.20071750122158272,0.5481974490300625,0.31324719316658256,-0.5784175053249425,0.9925638460646977,-0.9815220283787598,0.05375740008977248,0.46246516557257356,-0.2356097765427072,0.9112248508478225,0.516030850018592,0.5902679006500693,-0.620168267345844,-0.045962323226686363,-0.9963457841651777,-0.5603753685057946,-0.6774146105356742,0.6103424346520991,0.5222479627085894,0.7608919981490141,-0.9799591061909207,0.43006484813725643,0.44371493740062484,0.2984423264975118,-0.5131760778556245,-0.5729922106768366,0.2310611831810907,0.4299324044958035,-0.32242745288727104,0.20449035868941112,-0.3302359044894654,0.3739063608207549,0.7766057525236065,-0.7291623042817348,-0.6482939951518807,0.40353710420495137,-0.5630795528513644,0.8075825807378694,0.6552177266785242,-0.07071180755493467,0.11916255537934628,0.5946777960940837,-0.557705655949184,-0.684550715817672,-0.23859676861580748,0.4262539551413149,-0.5966726381153014,0.909025563656636,0.01161988721714624,-0.8403471810680345,0.7038861152215934,0.5717463414746486,0.24012177552929947,0.712785826588686,0.40416393761661973,0.8624972843241294,-0.9689617537606734,0.3564593573483994,-0.575466715985671,0.007655095748721585,0.3550082447254812,0.10229755303325883,-0.9670434466585673,0.5920844318877121
0.6974813624718448,-0.9961692109083242,0.48447378470002445,0.9827684620840644,0.0065175189846868875,0.2794823296103375,-0.6469293331737274,0.0021577539076296226,0.735122620361131,-0.8908643208140243,-0.3126221270673317,0.744465166610264,-0.25681296020428723,0.36327265094938577,0.7757885996450811,0.2768889526049634,-0.8504763055025075,-0.09407578240310577,0.5701834138366513,0.37070116141455633,-0.30922704377047605,0.0006975817985712673,-0.6579728883646792,0.13965688029624967,-0.5222632216821474,0.3272766677929855,-0.8636433436578019,-0.7444463172492253,0.636717353603869,0.08348361939421833,0.2262114847176906,-0.13457457913866167,-0.6945039206627222,-0.07093077605400211,-0.44416309906585516,-0.8149785399632339,0.01991840510571996,0.8676192695184217,0.5840430354690016,0.06413760227903209,-0.9692001517381359,0.8344572106857868,-0.8528838199223692,0.0408503648027807,0.8784454929773866,-0.7462638846851033,-0.6638497589028487,-0.5254004383998392,-0.3381075492405212,-0.1596041481094903,-0.18687730352092458,0.6786112154353563,0.8040263444754074,-0.5522417320496633,-0.607740497896506,0.8398058144933358,-0.6372155846988201,0.49665085672533826,-0.4894522555684322,0.9173363707246123,0.8711438039327908,0.9520137215496505,-0.05224776698342959,0.44993851421803055
0.2978032002200244,0.7041148692773451,0.8058070745793187,0.7492059204635417,-0.1434112942828747,-0.1963386371358835,0.9363152629048019,0.211883898226491,-0.060487158797202456,-0.3751859082901783,-0.5225842813298718,-0.730252162144615,-0.04618826727845149,-0.19672591383697635,-0.5595521939748758,-0.7479299342529293,0.7640941152678522,0.27967172288975206,-0.7795645061334906,0.5070090368755753,-0.15992895536983442,0.511330088247385,-0.07557995899974057,0.5760652291434476,0.6671692145223893,-0.8812116055734807,0.773528791864621,0.5991978675015621,-0.9391796046838989,0.24063691186954683,0.22552269773562594,-0.345616041537558,0.13125747926279585,0.7120379432227257,-0.2116234541562232,0.6710327806919423,-0.6635040493737241,-0.5885891963161962,0.3123797706601139,0.9991921534031745,-0.7206324542214064,-0.09662931729603685,-0.297204578499509,0.9717240979895727,0.9095368493480658,-0.9906585018862684,-0.08086134740909512,-0.9927464487840891,0.7437388676048311,0.9907516474629492,-0.8620289000079298,0.7555646316196041,0.8683670120773994,0.5290666792923018,-0.9045206262660477,-0.42632476178067913,-0.5173040246758491,-0.3223714525541601,-0.35991722258028425,0.9929894388800691,0.056377828394201135,-0.469974795238697,0.6818492999306836,-0.7665996641315129
-0.3193058942648028,-0.5437296103710123,-0.08288932986363617,0.15774087517714852,0.3605106167652026,-0.4640246850402998,0.44656313550022286,-0.6939803117066055,0.20991645631445932,-0.35632289951538887,-0.6180242869044019,0.5434298888661155,-0.40350964724305705,-0.8353561766320783,0.6836802091120258,-0.9106980237099305,0.6697274628932939,0.1532386318836969,0.780170536000653,0.6669060656693955,0.3939893115643267,0.8217603405986824,0.007509185778175054,-0.8671552042460366,0.9779491772200066,0.4244011533494372,-0.026883827142456074,0.28475013403659033,0.7788121506853776,-0.5847168347630844,-0.4863610249794066,-0.9634381460185912,-0.20152894805304755,0.4540653018023175,-0.9878538554017413,0.15534144462482846,0.5339643979552651,0.25599085470191607,-0.7583902552012458,-0.2699166818698968,-0.6293911279219886,0.536907209267059,0.4216062859557732,0.6752316052217164,0.9553101498573879,-0.14810689353000073,0.3756595403603451,0.308086064987265,-0.0923503856907526,0.6660949534436262,0.6497099577618013,-0.3921911479618434,0.31672899061791515,-0.6919243726141526,-0.5138198698369876,-0.9854793295404405,-0.40082067702867064,-0.20097698245094953,-0.7161434889542087,-0.18645217864452057,0.6795797210172063,-0.3750722925153991,-0.11296649140478143,-0.19013001153148523
0.4602214839610088,-0.1587393191618529,-0.03346611016483281,0.7960096765147846,-0.24563369917898337,0.14715509217399214,-0.5674109031716295,-0.9284977531647884,-0.3871687660999201,0.9489678037060048,0.22830367171776178,0.3494741521343545,-0.11869343594483905,-0.7399706975528204,0.5260284643417903,0.7100696247027609,-0.03248135714020273,-0.5847110031503824,-0.7677601250114245,-0.35571150563061904,0.8254278370774315,0.7896205957872418,-0.6366350834708558,0.7829442186586621,-0.1693325743485974,-0.31637104013671813,0.12189979729677103,0.4836834764313609,-0.41047544510803413,0.6142052254494386,0.6365576288264105,-0.9404959402980324,0.09866281067921157,0.9365998823743251,0.6358537298852895,-0.009395238004505257,-0.5206857553631774,-0.7839434700788297,0.7662140817822263,0.9796118677485228,-0.24452624117488875,0.4729041108562355,0.28374524283188673,-0.8188594863086052,-0.005155782046352142,-0.9857983367825653,0.6398839495045037,0.5983156852455327,-0.5214799423451475,0.7021809251696336,0.6079781546647818,-0.3884902586316299,-0.5289929970442622,-0.002562497466228386,0.8920957284308426,-0.6601164075696944,-0.006298849554910335,-0.4906168261859831,-0.23363107586409115,-0.17674123430226008,-0.36353652677978143,-0.5134507808334428,-0.7813419735150255,-0.18252038548386107
0.5067925922435756,0.767560531571444,0.5722527724025488,-0.999405661147148,0.28571706080651427,-0.23706879221907529,-0.15891939320900983,-0.6383476314608485,0.8031643194872577,-0.01925150715745394,-0.2076724827264569,-0.6027238857764572,-0.14715744850049894,0.9723757393996961,-0.33872112985829794,-0.2114420260370613,-0.6870895404325719,-0.7784732005202373,0.06912528524857042,0.3668411581804587,-0.24924619313222918,0.3145825243693321,0.2769486696919514,0.48841428551839905,-0.4205631145770219,-0.15475189904744324,0.6266843361911751,-0.8799875222505689,-0.8449475931448098,0.7837790331783712,-0.9197708614983229,0.16728807042959581,-0.3746262427546079,-0.5031642106039329,0.4061841530549142,0.035714174180150327,-0.5893755124587297,-0.2867138084120715,-0.09826610754076448,0.18637706244870778,-0.29673769891300816,0.7878311991385825,0.612824404923084,0.332791770643168,-0.9489706190313076,0.026396714651021114,-0.8155339537323878,-0.920466743950223,0.025043140419230392,0.6030704849524848,-0.848915281291206,0.034581696681746266,-0.20893856912605346,-0.13851172969593062,-0.42317388069711726,0.665231566428216,-0.8780676798478639,0.07827329193190291,-0.31972027487829524,-0.659132627985227,0.53517720757125,-0.6212102320539663,0.6775230633923488,0.17835905191626744
