-7.894594502983958151e-01,-7.907553873487183083e-02,-4.739654270386508550e-01,9.063263100293115215e-01,9.959928902842538623e-01,9.684926020774262678e-01,-5.830850035628920569e-01,4.314193745222143495e-01,-7.533778479224468860e-01,4.378078235787534744e-01,-8.241356888646251821e-01,-7.738770389121758519e-01,8.906243437049043976e-01,4.518089565159750798e-01,3.524350190370009184e-01,3.314795033794570855e-02,2.297778230359179830e-01,5.928631283900376303e-02,9.972538170527971424e-01,5.089235574068169399e-01,-5.129429363240860518e-01,6.110701743405204667e-01,-9.956023558618896097e-01,4.558424490001145024e-02,-3.286455546433380004e-01,7.677049307592300753e-01,5.582687103549921481e-01,-9.832529533342100336e-01,-6.623601207684726155e-02,-5.943585823877879371e-01,4.858135134934105093e-01,-7.849293073220529049e-01,4.379609750712210037e-01,1.025603644881276644e-01,5.280816570024280399e-01,6.543106641781186728e-01,-9.899981061126861270e-01,6.497358665920940357e-01,-3.781902207987288822e-01,-3.432451234150628583e-01,7.149294316727041743e-01,9.090333101137273442e-01,5.070438651542057418e-01,-6.945505807472323045e-01,-4.401999698185157239e-01,-6.584233916793116315e-01,-3.994084459075983862e-01,-3.490352952561948108e-02,7.717139733699307502e-01,-8.732150550760042762e-03,4.104280997154174937e-01,7.029125866337821993e-01,5.476611171901302200e-02,-9.209211060586741660e-01,-1.024866865014983919e-01,2.305164472077314564e-01,-3.837699355317589767e-01,4.247705858763590747e-01,-5.666970800508290829e-01,5.938744974906506879e-01,-5.499044133011889990e-01,4.431249264579539826e-02,-8.868314218513120295e-01,1.389166157846390970e-01
6.701089858010988998e-02,-6.445764719217901284e-01,1.198801265666031846e-01,5.621194243250249301e-02,-1.732936468669037389e-01,8.697101236362485555e-01,8.815309842993193090e-01,-7.471403151203159787e-01,7.270520936423643388e-01,9.366385303275743812e-01,8.775847502329383598e-01,2.259459305069666524e-01,4.710704798528548842e-01,-9.127715751607772265e-01,3.235112097720320712e-01,5.675617529025216434e-01,3.842858456844866488e-02,-3.204259600086269977e-01,-2.092560147740343268e-01,-5.184423311927091049e-01,-9.678603296223247110e-01,-1.764410150152153633e-01,-4.527829958391009768e-01,1.517950659530271640e-01,3.339600098830646235e-01,-3.184161763603381434e-01,7.941391183011603516e-02,7.529398017168920099e-01,9.243001231892473690e-01,-6.320498054566248136e-02,-8.171784571520299689e-01,-6.630064006865852289e-01,-7.032662568523246893e-01,7.048461767753180229e-01,5.839439829961972084e-01,-6.638377583300811846e-01,4.288483213621800960e-01,-7.768951143044144914e-02,-7.708079801022251765e-01,-3.491552228209959807e-03,7.225861546665608426e-01,-1.258035468320708450e-01,5.574540511816401533e-01,-5.268706161865601700e-01,-8.426852890368954352e-01,1.365526677901220953e-01,-2.302648839112999557e-01,-2.361009192533187750e-01,4.708107922679625190e-01,1.943695403858800574e-01,6.565816120506218212e-03,-5.660662810454764049e-01,-6.410773765167832039e-01,-5.189795831021459804e-02,-2.648182161885113128e-01,9.892066689345646591e-01,-7.891549213131241469e-01,8.176364801325179954e-01,4.412510806878702230e-01,-5.967289228646237564e-01,-1.923457170684681472e-01,-6.895071133596906154e-01,2.665376496732922984e-01,4.974024958151801457e-03
6.550086248744653172e-01,-5.652399868205992828e-01,6.545664993154158839e-01,6.040513380851293412e-01,-8.526284348738928376e-01,-3.627405725481085419e-01,-1.924749181415827959e-01,-1.486330351725360099e-01,5.879092762937083716e-01,2.620024820315529634e-01,7.911611284133650557e-01,3.231364855520788559e-01,-2.914403250678776480e-01,5.064415125332399903e-01,5.937449851130316425e-02,-7.964445185204163113e-01,3.284918247959642823e-01,5.579427632614288868e-01,5.369015991320225112e-02,7.338329404279977375e-01,-8.075245424409653872e-01,-3.965643081106224876e-01,-4.161972431318012866e-01,-1.472980186646819512e-01,-6.628389571211878994e-01,9.097727574412313167e-01,3.858298634825962914e-02,-6.253731121493024681e-01,-2.805914939622056181e-02,5.801247562606153263e-01,-7.643588623689367978e-01,9.049534732729151987e-01,8.081000487707794555e-01,-3.108905426169350505e-01,-4.123095032394379356e-01,5.877771173516717074e-01,7.024135974153766782e-01,7.672149286541030122e-03,3.142586931902739966e-01,-7.197816687839149186e-01,8.494200398777307370e-01,-5.436447238720356623e-01,3.665884797538139228e-01,8.788981798724808669e-01,1.441032504393249258e-01,9.072523475769960211e-01,1.981756967422099169e-01,4.225507521877061023e-01,-2.446529067654596989e-01,-3.716828128274158871e-01,-5.059828424415513393e-01,5.455688939849812069e-01,-6.330715662576487102e-01,-9.598544705647737985e-02,-6.599901270882690962e-01,-6.496462542603731460e-01,-9.701967589716886664e-02,-1.359610958328714148e-01,3.809469744698690263e-01,-5.850116976297292659e-02,-7.333513227285830549e-01,3.672646153420529025e-01,-7.224255336753842016e-01,3.788166980631935132e-01
8.340524696129296700e-01,-7.742052265608512229e-01,-5.578405714593566156e-01,-5.303304465349556462e-01,-9.449961093869596596e-01,-8.657432847663852904e-01,9.954576162458022015e-01,1.419607861913023683e-01,-4.862507973150529406e-01,5.800837784148520360e-01,8.008486527990776871e-02,2.534964420888632386e-01,-1.553826229709720508e-02,-6.791613083174981025e-01,1.198439428976529886e-01,5.817732133195672173e-01,6.406970095659187958e-01,6.200504881839132842e-01,-5.387095914797135343e-01,3.315216377029923667e-01,7.416497601389457905e-01,6.214420687881758720e-01,3.340094404917799409e-01,-1.895279462014332061e-02,9.001665333113000322e-01,6.961389489673019959e-02,-5.393881190344629317e-02,5.277868992751912902e-01,-7.113608277909959643e-01,-2.648453922003530803e-01,3.694721971683081474e-01,1.077922876903736338e-02,-2.205423736708177485e-01,-9.553564252325890127e-01,-7.698874970396321071e-01,3.153144234673224133e-01,-4.666942035902776897e-01,-6.339282386363938038e-01,8.735188132090465629e-02,4.487055967348172469e-01,2.026870329136905013e-01,-7.546345055090999399e-01,3.839792455434447582e-01,-3.715785505017035195e-01,-9.844003099705469495e-01,-7.690612846486184484e-01,-8.216990826443988372e-01,-2.209590179076312833e-01,-5.121143927925846384e-01,8.278833810741559329e-01,9.640270988284100895e-01,-5.707481125203386352e-01,-6.675814485010223009e-02,8.535630837438354934e-01,-8.751943974984233154e-01,-8.587366135366623077e-01,9.582665094916340554e-01,-6.735255518261775709e-01,3.054323632130084842e-01,-1.700787269085772824e-01,-4.009266545158918227e-02,-5.767920835038231608e-01,8.018002180560142023e-01,-1.464552447727862639e-01
1.453309844883585722e-01,-3.820858843140686467e-01,-6.136814436195510147e-01,9.454102670158652799e-01,4.522955325977879859e-01,-7.281065329995932700e-01,-1.467291642222987580e-01,6.076364624039991280e-02,1.531467094358254233e-01,-9.261460581889822130e-01,6.805031395434517627e-01,1.927871479379197339e-01,2.034592380572348702e-01,-4.470384096478019487e-02,6.798088118808858216e-01,-9.125517358013712776e-01,8.201026660266121926e-01,-7.981802817692567054e-01,-2.637833142359367056e-01,1.693058849091160223e-01,3.480878633379027587e-01,6.471894257252208682e-01,-5.426832019969243248e-01,5.948185281235232047e-01,-4.158685204654701817e-01,-9.962756558233802906e-01,3.885274901012150117e-01,-8.028260409021588107e-01,-5.003408597327552165e-01,-4.277501005052768424e-01,9.569368628797321197e-01,6.851716300457162401e-01,8.536385375832227229e-01,3.909406745412613571e-01,-8.389386211333058618e-01,5.606174565583488256e-01,-5.861520121854493226e-01,3.823927461552993901e-01,2.736193954063916856e-01,4.257541785268392776e-01,-5.043858044097502269e-01,-5.063392091977267917e-01,6.842508460615648325e-01,-3.263169557661482756e-01,-6.210036561346925499e-01,-2.812197724975578073e-01,3.449285629837601785e-01,6.018455565934570650e-01,2.670368672775493835e-01,9.287529135608330044e-02,5.733854017852355600e-01,-8.240102432584002212e-01,2.981048253234870327e-01,5.316028720612138159e-01,1.394625480715865340e-01,-1.024790080979494089e-01,-2.014608689650827511e-01,-8.760573055674936160e-01,-8.554643035047826416e-01,-9.144944142585953450e-02,-9.962616860631483551e-01,-2.533684546187953135e-01,-5.302959392976882569e-01,-6.766890650599270973e-01
-4.027105796474539368e-02,9.293340825577933728e-01,1.901785500457020550e-01,-4.974995320494421946e-01,4.324378691393493401e-01,5.700713137114079565e-01,-9.426193942629317313e-01,6.593632534960132130e-01,-2.387714843553550015e-01,6.922470016789288305e-01,6.554613808800926478e-01,-9.316816928312658952e-01,-6.733090712780263054e-01,5.270180575098544207e-01,8.284560490895387375e-02,2.689230251281338191e-01,-7.334339493386310416e-01,-5.475735201229656735e-01,9.029418383364442580e-01,6.644765149422195982e-01,1.748187554300151270e-01,4.056133577603724394e-01,-1.788907128057926066e-01,7.449439115891358654e-01,-7.649071693097144742e-01,1.018255223575079693e-01,1.022747662857304007e-01,-5.709985165869984058e-01,3.668108054050567279e-01,2.757997870709849586e-01,-7.950513801499814459e-01,6.523491652319000078e-01,-6.455468748130024359e-01,7.686475973244626392e-01,6.655792712101047393e-01,4.631845620142243103e-01,1.494156920812717004e-01,2.127073415493805353e-01,-6.118008441241935547e-01,3.807389954075488525e-01,-2.327838509142576839e-01,1.735736522580995089e-01,5.564395012605369839e-01,-4.354094677191591156e-01,-8.026844371147690005e-02,4.092611015736333790e-01,1.605757641232559152e-01,7.615248352528041220e-01,8.625865582358485106e-01,-4.477474569551913586e-01,-1.423500283088887652e-01,8.527807853011348804e-01,4.748973305400991940e-01,-5.688822319911366332e-01,5.077388717900355175e-02,7.820703121140193392e-01,-7.010608154405155723e-01,7.205554035084127396e-01,-3.588162757328101637e-01,-1.483379336577448360e-01,-4.757722068124261572e-01,-1.471473989245037917e-01,-6.176050822302325827e-01,9.921668926491058471e-01
5.211368224080079603e-01,1.301414426627187648e-01,-3.679673054980785452e-01,7.221347842709737730e-01,4.705710720841007610e-01,8.329098551552107654e-01,2.112894495508770287e-01,1.344387834811919813e-01,5.765258206758221426e-01,-6.398820807481806483e-01,-1.755540213806694450e-01,6.149509768579024538e-01,2.786306106335629806e-01,-5.508127664085840092e-01,3.064302193927563867e-01,-7.382666001429665226e-01,-2.349080448736873272e-02,-5.839686369633860785e-01,6.372589017071055295e-01,-5.865970897773329362e-01,-9.519627401815442536e-01,2.662254639720873506e-02,1.394306789215673525e-01,5.001673070477132832e-01,-8.459305273763113586e-01,-3.350162108788838911e-01,-4.203884398002148692e-02,-9.901306059393424341e-01,1.955099367882209282e-01,-4.118052644568863663e-01,2.219512917793871054e-01,3.098523287920862401e-01,-4.034253759797596928e-01,5.433466827809758648e-01,-5.222545985889652798e-01,6.952246712924421423e-01,-2.296624656888277549e-01,1.575145317872639339e-01,9.512817666303698960e-01,-9.552722214373312593e-01,7.883955406128129173e-01,-5.226660363660415864e-01,-3.324395395454520230e-01,-4.495047900901525395e-01,1.848409215542594630e-01,-5.064930949468591237e-01,-2.895139056958928592e-02,3.924241328834254805e-01,-4.401316828559906913e-01,-1.870943802641642506e-01,-9.435900454581147567e-01,-1.157906526778609280e-01,4.538483248570301942e-01,8.680634781331768579e-01,1.921556595936699807e-01,-8.658039322191095621e-01,-3.401091647660738904e-01,8.202932304923620244e-01,-6.027033488781841086e-02,2.903772432151510152e-01,1.384526989642529404e-01,4.292517098872883352e-01,9.277184484122493746e-01,-4.087450813843704900e-01
-4.947411911763406334e-01,1.853183774734104006e-01,4.027879988413429757e-01,-9.713094182327028925e-01,8.234165556250572227e-01,-2.431630900116470428e-01,6.288571415663875008e-01,7.293114167949923399e-01,7.225645768951605152e-01,5.958175388038835507e-01,-6.290135495337534355e-01,1.073773558790525051e-01,-6.883242100053008627e-01,-2.818464954219068730e-02,-4.974889158940152267e-01,3.505720354148709195e-01,6.055646441570705640e-01,4.041754196771356611e-01,9.494064087471265623e-02,4.897076887693478930e-01,5.908365475861008242e-01,4.612518978272350800e-01,7.282885726289545225e-02,-2.009731487784292003e-01,-3.034510065013309443e-01,7.798390785693285476e-01,6.959826931430399544e-01,1.348931525629459838e-01,6.622953255331238687e-01,-4.740626771282998586e-01,-1.314315828314405188e-02,1.459390138917273649e-01,-1.659172826958208447e-01,8.623656688837482154e-01,9.605080761669075873e-01,-7.745031266354616140e-01,-3.795236482662815991e-01,-1.514363652230912294e-01,-4.741859392534857331e-01,5.823585194644878005e-01,-5.476425923990388966e-01,-7.124109142985095566e-01,-1.253237458051004172e-01,-1.306311115904805753e-01,-1.961382471511834424e-01,5.987348090466109163e-01,4.081672312597461882e-02,3.646668049501746722e-01,-1.993353797085617440e-01,3.294469185973454284e-01,-8.921358098281770843e-01,6.006890840638101636e-01,2.602695727616788357e-01,-3.720882996731689207e-01,-6.431594818678330050e-01,5.058395855785484674e-01,8.203373965695974768e-01,5.949495341562576201e-01,6.163725204315473327e-01,-6.567676143513685449e-01,7.126827946411589121e-01,6.513834723086140421e-01,3.450204371783371915e-01,-6.957504502764053633e-01
-3.359530540281263633e-01,5.792617419966383796e-01,2.457192463953110639e-01,1.234199196479164318e-01,1.087051556613733982e-01,1.254540025785633173e-01,9.517791036601106480e-01,7.326085736069452015e-01,7.028019869735473435e-01,9.728900483129241383e-01,6.777719159802702009e-01,-2.534954881078730349e-01,4.867087335589723729e-01,3.395699841039347966e-01,-5.140186095732242055e-01,-6.693974915830755990e-01,9.591984554094330484e-01,-8.232305715733685414e-01,-6.596500033593373225e-01,7.343066201387558056e-01,2.213497220362554696e-01,5.951714798987548516e-01,8.468375668145426971e-01,-7.415831258880150045e-01,7.980709774895740072e-01,4.451292367450001564e-01,-9.208647216758270027e-02,-7.343965784984094469e-01,-3.002138809145948883e-01,-5.785681924542764865e-01,5.126226307200452137e-01,3.334090274468664017e-01,-5.448694711188668549e-01,-3.225626316301282159e-01,2.130839406888900278e-01,-8.806688055534466208e-01,-8.722246998245610783e-01,-9.679393845562271892e-01,4.625451068864412374e-01,-4.642230198014907216e-01,7.602334893224735879e-01,7.857858681517129185e-01,1.458536811099448993e-01,-8.226038595559419520e-01,-5.015594732015871138e-02,5.955245508867068605e-01,5.136165011470561481e-01,-4.892663031158497322e-01,-8.954779039122302553e-01,-2.874390473826158310e-01,7.581099107157895922e-01,-4.811167821706905379e-01,8.182450304709756317e-01,-7.040334561347321163e-01,2.914782126431505471e-01,5.573199263418757710e-01,6.256943346145600326e-01,-8.883175684562265584e-01,-3.621070121516920537e-01,9.326462663220014271e-01,-6.078896455476190397e-02,2.182678797391195413e-01,-8.545395885315327789e-01,-2.378540133414055457e-01
-8.529085989352223063e-01,3.766936121837982654e-03,-3.716522427546038454e-01,-2.476226068724107776e-02,-8.771870176949758680e-01,5.979800472786938048e-01,-6.468539895035758658e-01,-4.321761161305712751e-01,4.271671218273567217e-01,-8.386784127833533109e-01,4.821172815639258591e-01,8.902660684776582123e-01,-5.872721558529760966e-01,-3.664090655829403964e-01,-8.820898251259965406e-01,-3.746414329570693091e-01,-7.267168181780598868e-01,7.423171032185744700e-01,4.219824849706976799e-01,3.571655117816709968e-01,1.751360242587582938e-01,-2.661187793628894127e-01,3.620866719268078793e-01,-9.057806117589328743e-01,2.261497723413323779e-01,-9.820257014808486673e-02,-4.250285346207216541e-02,5.392853730639941556e-01,-4.201696659966389635e-01,-5.837311786006478265e-01,4.423118251014437341e-01,-8.175654353300476629e-02,-1.250076260189494359e-01,6.468514056983623028e-01,-8.727645446119063344e-01,8.879439860032671827e-01,-2.250315745092901221e-01,-4.163080221152115623e-01,5.755429709254880066e-01,-5.319982320083023186e-01,5.850355047530129138e-01,4.021439346369826140e-02,-5.662418153385493369e-01,-2.476079590838509148e-02,8.710159084911588412e-01,4.911607423139487949e-01,9.037068664722280875e-01,-9.755331112826479689e-01,-1.719574811255870639e-01,7.716492628601889781e-01,-7.323477579565988993e-01,7.625818064445519795e-01,9.317958906803756047e-01,-7.922719273552911723e-01,7.384001145403078503e-01,-4.789638095302408693e-01,3.863716082378232386e-02,-1.614905640899555461e-01,9.706751967948876736e-01,7.800980721649115601e-01,5.387927409161565873e-01,-4.887826288475052294e-01,-5.937664831811573229e-02,-9.690066487458977029e-01
6.276523183060089828e-01,2.155350145209602442e-01,-2.071744871536052024e-01,2.202154368370790039e-01,-4.762578729765130081e-01,-7.246082161811062683e-01,5.215626836205422556e-02,-8.905035205736111514e-02,-8.346684096841940903e-01,-3.762033484840376918e-01,-6.795315945517543810e-01,-8.154479372206491217e-01,6.880177723154536906e-01,-1.664343383042550251e-01,9.817254380295887817e-01,7.058823692875988431e-01,5.025348013537702663e-01,9.685904187195684134e-01,7.077394026592045417e-01,7.261496623759415847e-01,2.272704744799769472e-02,3.169131795464272816e-01,5.009020013877321098e-01,1.439594754590105552e-01,9.788508100459714090e-01,-5.852933961015518438e-01,-3.649813923275462280e-01,4.591961150730350383e-02,3.345688628499992046e-01,-2.011712625366777196e-01,6.424462882915760176e-03,-1.780852243396873202e-01,-6.469290195905859076e-01,1.398704853767966938e-01,2.296317032483825571e-01,-2.735754777991949993e-01,-5.193951211686098635e-01,-5.466349333141229394e-01,-8.435731956593162106e-01,-1.242465322920869308e-01,8.847617117199138015e-01,-1.119503290559138442e-01,-2.524192339605357827e-01,1.228691421506900028e-02,-8.567633072208264977e-01,4.287747218635269419e-01,-6.359258452215605928e-01,-4.828678570560327454e-01,-7.415850020390448716e-01,-5.201470796850860001e-01,-4.463864701105728638e-01,3.311667650823406639e-01,9.158368587850045373e-01,8.566327994116758049e-01,6.778297584828381073e-01,7.446017376824514145e-01,6.229926517592463409e-01,4.984289148240554912e-01,-6.270414763247222911e-01,-9.811706735908050092e-01,-5.765927522061864430e-02,8.531543878715388551e-01,-3.341529817894461907e-02,8.255456607691789017e-01
-4.077588215361689361e-01,3.262632412315058517e-03,-4.783124209716056452e-01,-8.331431773512825156e-01,-8.302150543854189824e-01,-6.909732610443886092e-01,7.582318365568527785e-01,-1.620279656494094667e-02,-9.468549193033162226e-01,3.041702294713695132e-01,-8.683187301628494392e-01,6.902430763067211039e-01,-5.230578841998383410e-01,-4.208057360267023483e-01,-4.448933650115332039e-01,-6.624295233189365639e-01,5.691624908590324772e-01,6.091622560242471174e-02,-5.300272027374730577e-02,1.201657366265562743e-02,1.337466167671559347e-01,5.037343293207654504e-01,-8.480631654322763335e-01,-5.460121536476034709e-01,3.726599355068433983e-01,8.614478883663829745e-01,-5.067375068786279524e-01,-2.413463653665570696e-02,7.847224925242997084e-01,5.900840384171122111e-01,-9.045843128812280920e-01,1.440512326707312774e-01,9.181613834247757122e-01,-4.002203661273573410e-01,5.001329963732648043e-01,9.986900546858545891e-01,4.536664602515383393e-01,-5.876384687874223189e-01,6.544635479548166490e-01,7.868027637100785121e-01,-7.759606234592131280e-01,6.743250262484863367e-01,-2.557438233312936404e-02,-9.867843311640913662e-01,-4.180133204757829901e-01,-7.269067105865940626e-01,6.161048462766187672e-01,6.833063368037368690e-01,8.626226825615466165e-01,3.555814360019819986e-01,-9.427911461842879426e-01,-4.900479180447208094e-01,-5.950420459940652940e-02,-5.375700766503175299e-01,6.397734640050842803e-01,4.143853010268161441e-01,-5.007217278324436194e-01,7.797557570163091700e-01,9.105959661625868673e-01,-3.040895266056238277e-01,-1.938421648922028506e-01,8.356262035252000064e-01,2.118244806391758051e-01,6.690008094986710230e-01
1.670998524240276950e-01,8.038470325571616115e-01,9.686346755774437600e-01,6.349176374412821566e-01,-3.607966915928670915e-01,-3.549253850577707148e-01,4.117500040068300393e-02,7.911619692693527828e-01,9.625591419331853693e-01,-7.207620663105422931e-01,4.494088354826062393e-01,-5.314393472340792623e-01,-6.138442224402762548e-01,2.376651106733396190e-02,-2.809824259674185143e-01,-2.287889333674699710e-01,1.337438611010668410e-01,-2.775077591360046725e-01,-2.666657939446459569e-01,1.719238938879406042e-01,-7.606633084388847443e-02,5.943278084478154089e-01,9.441287673426768112e-01,-5.599724318802359324e-01,2.929389869655494305e-01,5.136743348094496842e-01,8.989408370002212045e-01,-7.019970068735077451e-01,9.363595129669550765e-01,3.829337563170451819e-01,-6.006593976380740774e-01,7.808660510448619529e-01,9.656939255749279472e-01,5.964333212392496364e-01,9.449563682446935342e-01,5.582084029211520360e-02,-1.108946349406245702e-01,-9.982236050895261226e-01,3.004900106879768718e-01,-7.354593906111630552e-01,9.075815848186667978e-01,-5.438359290097538601e-01,8.602074524212537376e-01,8.577290847156069376e-01,7.158489187774776941e-01,1.005920953691117337e-01,1.264527691384926822e-01,-7.695097807330817385e-01,-2.388713213470694541e-01,9.657436427253149880e-01,-5.233980103624009672e-01,-9.331740978290636868e-02,-6.541948888612227897e-01,9.168489721702464124e-01,-8.188973797985741321e-01,2.049900095462142691e-01,-3.577757102243130927e-01,8.047696176472975971e-01,5.182463397011751738e-01,9.276160788166059046e-01,-6.462907543976188496e-01,-1.478560710957339541e-01,9.471748503349974868e-03,-9.629732113895059786e-01
-3.140422765158650265e-01,3.723412191317871933e-01,3.386097004014885226e-01,-5.852585725807952777e-01,4.039188441627923343e-01,8.783990265297141331e-01,-6.435205373348560354e-01,-3.485920033533407292e-01,1.461696924976627621e-01,6.275822060751441445e-01,1.415422949853397672e-01,7.814617904561709238e-01,3.220822558416251979e-01,6.221934046809198815e-01,-6.325430235543352264e-01,-4.847324037289868492e-01,-6.940206694742536708e-01,-1.237956099897616902e-01,-8.159440343345401025e-01,8.878793566841967078e-01,-6.183090721875370566e-01,-9.143083324882250729e-01,-7.702186231992393939e-01,1.114714167866972527e-01,-8.969518623143222236e-01,2.749746245058326544e-02,-9.468069222915758143e-01,1.763719697419974253e-02,-1.661620275604969166e-02,4.207234623793680850e-01,-7.640523190687726895e-01,-6.906010718257471481e-02,-8.613952578953043560e-01,3.210719446825285317e-01,9.950955562377696850e-01,2.476773071864970532e-01,-8.166076653101930205e-01,-5.067549902065042744e-01,-6.544838523917011486e-01,9.552167306715542150e-01,9.619381483834859026e-01,-3.381137384463779316e-01,-6.634197619661681422e-01,3.013963069957712460e-01,-5.154347182554819273e-01,-3.265194632397938612e-02,-8.975676030712795850e-01,-4.734123236265681545e-01,4.928217372688252773e-01,3.145273648072555162e-02,5.799338650924565908e-01,3.772993068818515372e-01,3.150690888070586393e-01,-7.079871803038098044e-01,8.277644894568063627e-01,-3.499923547246661659e-01,-4.110493691461671872e-01,-6.448118662529753742e-01,4.472586666784821308e-01,-8.355833727096502184e-01,4.618031124103851859e-01,-1.676973937505343848e-02,4.069816443537543904e-03,-4.101214238128896294e-01
-8.569684161398318789e-01,8.589560635936166477e-01,-9.595749723335840198e-01,-8.616890778412906737e-01,9.961097045691387208e-01,3.701545950784408401e-01,6.856729356497910377e-01,8.777507969395315079e-02,-9.180814320847052734e-01,-8.627236551798818098e-01,7.396193400492943049e-01,3.174060781133829501e-01,6.093711535854804406e-01,-5.270066141592288922e-02,3.378050427784784482e-02,4.482592604930282221e-01,-6.088078196905466477e-02,2.431919611658213132e-01,-1.043928271577265754e-02,-3.956248743528427703e-01,3.837282795552894310e-01,-7.158917597379159670e-01,9.899892925009954325e-01,9.432539466218734514e-01,8.988443537963397567e-02,-7.154842136042158796e-01,2.190538855250441230e-01,-4.727768688193187963e-01,1.750933770020275393e-01,-7.615774141911413331e-01,3.545688372100830321e-02,4.571294846439541981e-01,2.589477063322709327e-01,7.864628876298185300e-01,7.423960031219127842e-01,6.528065823963613568e-01,8.780172733052729050e-01,5.361828598943578772e-01,1.621953282808981101e-01,-5.431081031643361090e-01,4.132566323319581958e-01,-9.229946369541230933e-01,6.959835555392379636e-01,-4.911145813270678673e-02,-7.580714289544596696e-01,9.695239474141148506e-01,-8.328697679401815268e-01,8.504437994371101261e-01,-4.759184346145639566e-03,5.060069979313313038e-01,-8.777006778491736050e-01,6.729901491864533902e-01,4.324664817169978637e-01,2.495633307336402318e-01,-3.667516577536040767e-01,6.926403282968742747e-01,-3.457152521266551037e-01,-8.426392968519076376e-01,7.253220354264491299e-01,-1.191704852634063450e-01,-1.602221298315980036e-01,4.799781799771998259e-01,4.673479892290846038e-01,-5.749216959691971773e-01
4.329819662688525472e-01,-4.711614511274713202e-01,3.587051072801388241e-01,3.334288323910141738e-01,6.698759014723609795e-01,-4.682906361729115563e-01,-6.260000412407913384e-01,-2.614236306178638891e-01,-6.641009501140684446e-01,-1.972520331709841646e-01,5.915621445020287084e-01,-8.282184219739383568e-01,2.991637783219545099e-01,-8.078922298571793448e-01,-7.159593860018407252e-01,3.274365967820656032e-01,-8.539839810905724971e-01,8.059430855657701009e-01,4.561614224201582246e-01,-5.612849352900848299e-01,7.353774052084389723e-01,-5.476873058855049603e-01,-1.804131643891759840e-01,-7.924062835966694252e-04,6.627625130752690108e-01,8.974369469131264765e-01,9.127665431603890767e-01,-9.681350103693735498e-01,8.275528661091171578e-01,4.467517610899118807e-01,8.633138551680024086e-01,-5.091414350280125678e-01,-5.895948239358430598e-01,5.193734079624585664e-01,-9.061347690156065227e-01,8.331921095255649945e-01,2.103535807888585740e-01,-6.989064519289396316e-01,7.567849356076055134e-01,5.373381376043384616e-01,7.387286335690006478e-01,-8.190438638009018835e-01,-4.895711874655874762e-01,7.448992150590292294e-01,4.297013964614657677e-01,-1.193917999408578012e-02,-2.153380617771134542e-01,-8.420789095315628359e-01,-1.238632325539283929e-01,-5.825245141107222580e-01,-1.315712625097780197e-01,8.797340524988157551e-01,2.698065263280460258e-01,4.602863847819225196e-01,-9.146320425917529029e-01,9.712818137586467504e-01,2.519867283334435992e-01,6.566770742476868428e-01,2.514575598497508224e-01,6.061247486257359540e-01,7.110838042147553661e-01,-7.423681834112936251e-01,8.397464072792439893e-01,-5.153616568629522110e-01
-8.787072711437737826e-01,-8.221426138621106272e-01,6.491366447043507293e-01,-4.304411201734306136e-01,3.489265661415676956e-01,-9.093503473499373602e-01,-8.943299647141635944e-01,6.270328360884735996e-01,-8.036032440949905098e-01,-9.903555627866007516e-01,-3.903182922404604405e-01,-3.982654253326279870e-01,-7.366684181189537828e-01,-6.626763984109420580e-01,-9.456011052303328057e-01,-6.100857014862914873e-02,-6.936713725607601688e-01,3.089689066668759310e-01,5.227723910919146455e-02,-3.757393558029693548e-01,-4.854839924200802237e-01,8.944192108055437629e-01,-1.256238298978313850e-01,5.422657383256215269e-01,-7.436748672087230005e-01,4.553914244793699773e-02,3.732201396069294574e-01,8.946253634382947961e-01,2.386144070548215090e-01,-4.537787697546176169e-01,7.486015971666186708e-01,1.894990060713064306e-01,-7.925684048947947424e-01,5.765541670347489323e-01,-3.336653831033629114e-01,7.133009670417556070e-01,2.832743912813207032e-01,4.694500564612977822e-01,3.429824407118773344e-01,2.423199058522447213e-01,8.399410575114811817e-01,-3.057545597261281944e-01,7.987199304192182936e-01,5.456470389222900508e-01,8.764008432708687568e-01,-7.426851161922152222e-01,-9.752578589703919665e-01,1.707520200674912392e-01,4.719241731934396000e-01,-6.405774680127966914e-01,7.415894737821635552e-01,-1.874881896736186881e-01,1.055205364678344360e-01,3.489640783056875417e-01,-9.967776997055355359e-01,-3.225175744239827669e-01,-2.770032489918494711e-02,4.061229050343466707e-01,-7.272190779228782098e-02,-6.944188498210432936e-01,-5.336370624385677885e-01,-6.794125582671113328e-01,2.747433554827169999e-01,7.520506016796422166e-01
-2.690575302986566442e-01,2.401697364729828976e-01,5.213228447179187874e-01,-8.780926796262953360e-01,-2.248659639682326628e-01,-2.551410993912879288e-01,2.006863717466045305e-01,-6.418549245950013749e-01,4.587533722829886251e-01,-5.628154130948270772e-01,-2.787362547889564723e-01,3.776631262467127215e-01,-9.716925053961213976e-01,-3.935432811258385843e-01,-1.874398414777855848e-02,-6.682296130750953189e-01,-5.137980315780934504e-01,-4.605569784050289606e-01,-1.066221503662934111e-02,6.875559333440788290e-01,6.522288119268364603e-01,-7.586042167910322931e-01,5.985772671283087210e-01,2.415257309213643122e-01,1.439675100580872780e-02,-3.224328392961088863e-01,-2.180510412682381549e-01,-5.865512152537499801e-02,5.622837628617756156e-01,-3.380861202897478268e-01,-4.571291728196851256e-01,-1.822741814091048962e-01,1.154818608586838380e-01,-8.740108043115148995e-01,-2.404135515957861458e-01,3.673422328935236347e-01,1.785610315390973035e-02,8.655281544938215887e-01,-8.784730536855107630e-01,-2.257933731519878862e-02,3.447845514604648276e-01,-8.406345533232071343e-01,-3.950768691205404082e-01,9.986782276663770386e-01,-2.751929574673155354e-01,2.459000217273317190e-01,-1.690370951845590053e-01,4.903101316448628122e-01,-3.703661994246698619e-01,-1.324774669811163985e-01,1.419750434356918944e-01,-9.179420160381894789e-01,4.505373580745586359e-02,-2.126975596989877371e-01,-5.442779420682692937e-01,-3.706572597563171367e-01,8.695032892259266788e-01,2.447958597482078336e-01,1.796847482014620745e-01,-9.881094828306684619e-01,4.617375758271258235e-04,-8.373574606445177704e-01,-8.435571729996798052e-01,-4.332588816471241167e-01
2.503685540755544725e-01,7.270138815883144812e-01,4.218932694404431416e-02,9.666008613254910564e-01,-7.652644878811991624e-01,3.219365436734507036e-01,4.385485714837213944e-01,3.507239485182829242e-01,-9.992724757214686004e-01,9.499190250326376983e-01,5.626321457670018233e-01,6.890437766597736768e-01,9.883497070008337992e-01,6.267954677026179588e-01,1.566190441974191216e-02,-7.490505238144702371e-01,-6.109908796192233815e-01,-2.942551257904413298e-02,2.909525625267450621e-02,-8.814971388585506329e-01,5.504774908775729170e-01,4.672089310134361906e-01,8.024719837750964313e-01,6.650442204252517975e-01,4.908711304219455229e-01,6.102090212119917201e-01,-6.713961922804161375e-01,7.168070670993094140e-01,8.660100556238115033e-01,3.065834140928513918e-01,-8.520070496758764822e-01,9.221832864790071582e-01,-6.725433820309270061e-01,-4.844355170555993961e-01,1.703563983736142706e-01,6.825472522930728925e-01,-1.865262598878758560e-01,-4.510352015416172478e-01,6.354574478407815086e-02,-5.133472226759021595e-01,-9.725194776425420962e-01,4.114933174274333361e-01,5.073071881443191877e-01,7.199878309067149207e-01,8.830114432539355462e-01,-3.299953999818445727e-01,-2.872405302689184925e-01,6.888943350925167408e-01,-8.049978264559662922e-01,-7.916198953103221747e-01,-7.440544639295059159e-01,-4.655162291451622192e-01,-2.657539455988255916e-02,8.577423539516426665e-01,9.531834026124534898e-01,-2.934419144782824951e-01,5.596400581338694113e-01,7.881586874377757290e-01,-9.584662426660959245e-01,-7.398628008741012785e-01,6.220107744327723065e-01,8.431979249739842697e-01,-2.422729448103462246e-01,7.374368255658128035e-01
4.655871390667802867e-01,6.635994878739943648e-01,3.268747877095701249e-01,-1.362027476560601080e-02,4.716029344799812506e-01,7.704701816047334617e-01,9.338913966205166783e-01,7.062205116684243666e-01,2.953199853280348286e-01,-4.296204675183890043e-01,-4.660343401910482797e-01,1.825533171665822962e-01,-9.529123495575466674e-01,7.771731894141051811e-01,-9.565737899597248628e-04,6.624338597537733353e-01,-1.248954193790536848e-01,9.936578359223662282e-01,1.057946386858965582e-01,5.747011832022883571e-01,6.780888867252965468e-02,-5.531305242318020898e-01,-6.968035758096537968e-01,1.724083782061165415e-01,-5.726766171217105850e-01,-9.518590886464950440e-01,-3.658604632707391779e-01,7.633976423252935017e-01,7.597770015184646120e-02,-9.484689625388564860e-01,-5.078770781598556106e-01,-7.458811617752878487e-01,-5.217705733462900675e-01,-7.908734827953247670e-01,6.534284382457331564e-01,2.387795208348619802e-02,5.786671677842778472e-01,9.237396201207459523e-01,-9.786131800731250330e-01,-2.535219891091773370e-01,3.314436150254995717e-02,5.567529281758734072e-01,6.484072299338690115e-01,4.284117570958663190e-01,8.461721685599030707e-01,-8.756032140582004075e-02,2.113422891046405905e-01,-5.294107806804460026e-01,-4.530371090956086810e-02,-5.763343819139254975e-01,-6.736162443469084771e-01,-4.545707289045908261e-02,-4.432901580725745472e-01,3.459503372629801898e-01,8.130861237781370487e-01,-9.093334212149324358e-01,-6.181320040926343573e-01,9.322343609591143831e-01,-2.183475105154553120e-01,4.766528318335008230e-01,-9.327485301154321284e-01,8.518090805645297525e-01,-1.479117675685772682e-01,7.736794146884633516e-01
-3.283265692244272671e-01,4.695889998522551068e-03,-7.980278072595228256e-01,1.879718354366402000e-01,-6.339623155307236857e-01,-2.740740840893924890e-01,1.751441893653298276e-01,9.063435747709331913e-01,4.083922501802561555e-01,-7.081288478265468367e-01,-8.953964660948321441e-01,-1.939779267857910661e-01,-5.644187596470557899e-01,6.041640687363822870e-01,3.981682087363409561e-01,1.776587715342843321e-01,2.329029908426138995e-02,-5.267393841766276896e-01,8.150935797625051826e-01,4.238240786775993030e-02,6.666551764191508411e-02,7.427149167984508082e-01,-8.954013668722742292e-01,6.272771236971950160e-01,-8.300680092588041958e-01,2.209190262422853213e-01,5.610255418799181548e-02,-4.104233001730510644e-01,-5.354388785685875174e-01,1.501733690213773453e-01,1.717443845324064799e-01,5.436808820990000068e-01,-1.282988089394170306e-01,-9.937202498319908095e-02,5.498560772980720657e-04,3.134673012835740291e-01,5.775742446367624350e-01,-3.236257638112358115e-01,-1.504704441944202387e-01,8.713212042471447649e-01,-1.812993932867479341e-01,3.349861287393351983e-01,4.978633694104261931e-01,8.422114206178488161e-02,-3.068197928432101484e-01,-5.184295314371274443e-01,8.477232267304668500e-01,3.428931023756638385e-01,-2.534594665167633210e-02,-6.803817851170277375e-01,-3.927611645270165930e-01,-2.100652354349468176e-01,3.907654204500985440e-01,-5.717010156712072355e-01,-4.433640301562375985e-01,5.086521941010615500e-01,8.419914512965926967e-01,9.840506223496312543e-01,-8.748387458371398306e-01,-4.081567048291907529e-01,-1.199128407259362206e-01,4.598184042921571457e-01,3.735551721328622676e-01,-9.440333816553367896e-01
-6.807643867743629063e-01,-1.491567136275500083e-01,-9.002129494471158289e-01,9.511113698928230775e-02,9.976860225311459107e-01,2.683328736336412224e-01,-3.193417438315691026e-01,-1.538304238598349194e-01,5.479772032592695741e-01,-6.052684178214444710e-01,-3.610591139083041412e-01,2.510806433652315039e-01,9.520055505534001927e-01,9.142124846085206702e-01,4.945502601720968006e-01,7.870540181838248106e-01,-7.359397427806715353e-01,-8.350021070669191303e-01,9.012778418959608295e-01,-6.983424533430964143e-01,-6.647087496218198055e-01,2.510949437069631696e-01,-3.778182519962067776e-01,-8.494505898447384240e-01,6.404975770720897632e-01,-1.132519525553250528e-01,8.534320706467013462e-01,-2.433615157201765022e-01,6.842607453080873370e-01,-5.675713640731596676e-01,-6.951289914237213097e-01,-3.144806284696739507e-01,7.495333194085544992e-01,1.187499423437476942e-02,3.400445643916416572e-01,-9.584234301308702797e-01,-2.254396830618941028e-01,7.040022877077010133e-01,-1.357315354036148225e-01,-5.780409525611236443e-01,7.815988338444523897e-02,-4.036961088291346478e-01,3.538862989861981667e-01,6.901897939764298773e-01,-5.638760137062699407e-01,6.522379547961130175e-01,-4.213062031625653958e-01,-9.282379349975893312e-01,6.676046599899241318e-01,9.365795787629238589e-01,9.426393292589541062e-03,-7.744993313434398452e-01,-8.753692610869359125e-01,9.734523548318110286e-01,2.863840395222854163e-01,-7.458033569663014006e-03,-9.864261524197215358e-02,-1.905771888579299578e-01,5.815757920884099264e-01,-3.119606870603119919e-01,-6.402978746881853311e-01,7.666322343311686716e-01,-9.860416690748996515e-01,9.727413337078325561e-01
6.139920475799056643e-01,-7.201156854098449411e-01,-5.153527420960992700e-01,-5.589762319300664029e-01,9.917190773133732762e-01,-5.694894838608044463e-01,-8.755317183668436254e-01,5.176843826938992699e-01,2.297925247137091453e-01,7.630113688099080527e-01,3.324516473070748823e-01,5.794343442899172469e-01,9.552849142657926507e-02,-1.095263812642472967e-01,-6.458437372579606262e-02,-6.930517755125089607e-01,-7.487551512669556875e-01,-7.052236120619179705e-01,7.527516439496857448e-01,-7.421652504381202053e-01,-6.520940105162713607e-01,7.669373082304757894e-01,-5.935902757172883959e-02,3.729914946678343224e-01,-7.506141913932302678e-01,-2.943176997017626917e-03,-7.178124774263916485e-01,-9.024064398232185535e-01,6.960219795728126435e-01,8.594017099183126618e-01,6.429668598897255727e-01,8.865016736509723216e-01,4.762567109586475222e-01,6.691821780244244788e-01,5.080275122329964699e-01,3.798551442163431435e-01,-7.513384799622488952e-01,-3.039711211804485558e-01,-7.948913990915973393e-01,-4.674973803915596360e-01,-5.461106463471290251e-01,-5.041873332070998526e-01,-1.653177809705852486e-01,-4.040706747832814028e-01,-6.670794883622495064e-01,1.686706563993325414e-01,8.120530387511761816e-01,-9.309891149530822307e-01,-4.563829622286843524e-01,5.002709545994779017e-01,1.606252128216172359e-01,-9.788143688187631586e-01,-6.851320193704097949e-01,3.458137988377996130e-01,5.638885911440199017e-01,-4.774184561155307982e-01,4.274138439162886716e-01,2.384635292080239388e-02,8.111410263163629786e-01,8.553439191494589533e-01,-3.490186434128994541e-01,2.464017829666269588e-01,6.062880085739099645e-01,7.471825721120959329e-01
-6.808948638747505111e-01,7.531757481272172150e-02,5.295126076181018160e-01,-9.347601098963354005e-01,-7.507275787225813346e-01,-8.044543182295968986e-01,4.734708258837385664e-01,7.563021771338167554e-01,-9.597215252438084931e-01,8.610977013166534189e-01,8.910727791805319598e-01,9.317806862994564288e-01,2.030733721839403927e-01,5.731921801750305967e-02,8.154361158558673939e-01,5.443593392196446334e-01,2.721846428841820931e-01,-4.855856311624424659e-01,-3.519908706196677173e-01,-6.344554984826396016e-01,-5.501316135585749834e-01,-8.244698168018376183e-01,-7.722378952755166726e-01,5.116645317077064270e-01,-5.917506657119551150e-01,-4.007278613649392085e-01,5.672277755153709577e-01,-1.885922954915331129e-01,-8.392654367909184732e-01,-9.774290581097155872e-01,-8.863900720568695935e-01,3.187781775025144704e-01,-2.168169719448056476e-01,-1.044331106370990359e-01,2.646396684385148301e-01,-2.487807444616747521e-01,-8.830152972280813639e-01,9.894879749801319679e-01,3.980556282624398978e-01,3.377017795182888360e-01,4.382754199007070639e-01,-4.295695681123241627e-01,9.478898388552670085e-01,9.955572081358454728e-01,4.977991571559814421e-01,2.771309490922382324e-01,6.798806923573597061e-03,9.315682411366872362e-01,-9.976996649269789241e-01,8.087332754685869762e-01,-2.652094627246628367e-01,3.827568446191549345e-01,-6.637350176807879087e-01,7.614032371356347362e-01,-6.341705458582369559e-01,-3.267065421841559569e-01,3.460039089518227584e-01,1.849012921205985815e-01,-4.356337423873857251e-01,-6.125307703234523782e-01,-1.720830111726865397e-01,2.230342833670280189e-01,-6.389584554690708185e-01,6.883955698612487240e-02
1.801249782493448137e-01,-3.255181550411174740e-01,7.055952773440643533e-01,5.248807171136156136e-01,-6.159241743135368541e-01,-1.007319145588074782e-01,-9.156575284963706096e-01,7.525484809432758659e-01,5.885050459726473004e-01,-4.554683557316980824e-01,8.876794750755097052e-01,-9.690433846136019547e-01,5.062290692045225970e-01,8.658130239808303763e-02,-8.285605132891815661e-01,-3.892554939867391983e-01,-8.439929092344173878e-01,-3.408157774204685353e-01,-7.968307071951086229e-02,-4.610377920382746630e-01,5.552297130362959798e-01,-7.367830985286083489e-01,9.007103253504831208e-01,-1.998120618818715055e-01,-9.714066911529117831e-02,2.328042409643042987e-01,3.536371330279775016e-02,1.336492494074750237e-01,-8.605716611669740335e-01,9.582964332079151326e-01,-2.290632787292692374e-01,8.846362432761016859e-01,-7.332216764786498864e-01,2.647817376310501736e-01,-4.291304118782321986e-01,-9.126293451546962920e-01,1.314000114689131138e-01,-8.113755333414096604e-01,6.136429564687799765e-01,-2.175698707630799866e-01,7.217163178763510434e-01,-6.163556533327918530e-01,-2.558746035529739782e-01,-2.966364075129523936e-01,-3.093900113043890343e-02,2.682707758599538472e-01,-7.006021502560506597e-01,-1.015548872318066120e-01,1.650277854695529900e-01,9.835727736970774071e-01,-2.257059798786407168e-01,1.893343559595113135e-01,-9.664184722070845446e-02,1.568035678449075654e-01,1.043596236459574111e-01,-9.826166233604525235e-01,-3.743274663420432802e-01,9.820615067097648865e-01,-7.364656394683610774e-01,-9.822444615572354376e-01,-6.355513207485408156e-01,6.390810930401660261e-01,-1.171535906055058973e-01,3.490543765207068105e-01
2.126296911714875559e-01,-5.498490326798612937e-01,-3.670930580851059499e-01,2.045600186873097748e-02,-7.576567357637051803e-01,8.517813388048083301e-01,-5.310173017052908229e-01,-7.339405369251814637e-01,-5.320869687353675381e-01,9.917009602875528351e-01,2.423337616612071255e-01,-4.024532738123871578e-01,-2.211013266644423769e-01,1.690576758325803564e-01,-8.701653895824581486e-01,2.187858553278436702e-01,-7.863016691481399256e-01,-1.543806904647133660e-01,4.153052474247347359e-01,2.741922210414275973e-01,3.132002042505954709e-01,-4.981210195447525191e-01,-4.474489839494064647e-01,3.387224580068912694e-01,6.943690961702220221e-02,2.683240664938164599e-01,8.984019944165377858e-02,6.881425780762702171e-01,-8.319735210042404905e-01,-6.626326561350677213e-01,-7.496323213524807016e-01,6.237272641233839732e-01,-2.327397380071005717e-01,6.502449011131701262e-01,-4.239067700012952855e-01,-4.207724614632626370e-01,-1.059688519451058575e-01,-8.529775591743420371e-01,8.264523344771608215e-01,-8.034128753919749233e-01,8.383236060554455360e-01,2.401226432255958443e-01,-2.923482929257930074e-01,4.805055214742659508e-01,9.325209822981583851e-01,-6.051248124407839768e-01,-4.615126661515658313e-01,-8.476088305215545571e-01,-8.147435828796982804e-01,-4.999833796675994257e-01,-5.745973265622557058e-01,-7.801899337656639233e-01,-8.896134338606627168e-01,-1.344457484999621588e-01,-2.730743128475596748e-01,-1.267622404395858382e-01,-2.906859459299329096e-01,2.538773061733894387e-01,-7.491675380540969709e-01,2.966937485200702440e-01,-4.340150388529611103e-01,4.676711909290260927e-01,-5.812699754894601334e-02,-8.989083137583129268e-01
-5.176090639462163079e-01,-7.637810645661029518e-01,4.886447564752918193e-01,-3.237867088065986554e-01,-2.627017752669573714e-01,-3.561369195438219837e-01,-2.648274699263901688e-01,-9.244118659456976861e-01,7.092873496421965296e-01,-5.113683610245132183e-01,9.816041870262404156e-01,6.822956577781291720e-02,2.006294089310107776e-01,9.563317021335593360e-01,-1.647880553310769880e-01,-9.993109459825486596e-01,5.141598316849544936e-01,6.038084182673457700e-01,7.483883275812661662e-01,-3.417308105223939574e-01,3.122264890939461246e-01,1.872297597077596798e-01,-5.609572735464101179e-01,1.849826208385312309e-01,-2.079077891963487801e-02,3.548616218662246080e-01,5.119090327144324437e-01,3.185070508667908751e-01,9.943100553799530950e-01,7.878783657844039556e-01,4.559671241779483797e-01,-8.909525178971640091e-01,3.308848757526461348e-01,8.831573626365791796e-01,8.760951725121628453e-01,-2.522556310013293057e-01,5.382226430605208112e-01,-3.201129566944389548e-01,9.790683838000804329e-01,3.230440118687962769e-01,8.745317408015453875e-01,3.768348842412960753e-01,-6.728309524087436877e-01,-8.101903891329216290e-01,-2.377069196471714996e-01,7.994862393381265697e-01,-2.275732081447436883e-01,-1.058756715284481231e-01,-5.638061762056048032e-01,9.450261719308683528e-01,1.435273642810916961e-01,-8.091777431920244013e-03,2.562094965079648734e-01,-1.787075055120479483e-02,4.089575727888554724e-01,4.118171387982776377e-01,5.365816180410898362e-02,-4.728505672683858130e-02,-1.699600093154505220e-01,7.833710637969688584e-01,-9.409723141267918312e-01,4.548893996237386439e-01,3.910954965480348822e-01,6.226959031633902963e-01
6.446602424525393893e-01,4.979922211290155332e-01,5.520477641626493348e-01,2.375092625391828083e-01,1.650633717932910027e-01,-6.613211229680684422e-01,-4.610843916039923940e-01,-8.549807981895913844e-01,7.837394304006692902e-01,8.998871140361226484e-01,-2.510833880643690286e-01,-7.100422354807198744e-01,6.340214352506954310e-01,-4.285755581032228978e-01,3.835359651907148670e-01,9.099386526446542334e-01,-2.589322536282212539e-02,8.213704592396295912e-01,-7.577887651098438315e-01,-4.874921217352621294e-01,-4.035358248312661544e-01,8.358165326481075130e-01,6.017080253576900795e-02,5.912534437295167145e-01,-4.304989604065245778e-02,4.599246659749731680e-01,7.013772258329764586e-01,-2.145154188387534688e-01,1.418504906335549265e-03,7.647299976543486810e-01,1.229837983351291797e-01,1.152035974314908895e-01,-8.821823191831987820e-01,8.849454564898397990e-01,7.306098121971336123e-01,5.461601048974891182e-01,-7.363004418051115607e-01,8.132112253635837007e-02,7.440523984961224802e-01,8.829206745349882368e-02,-1.230949310360796023e-01,-6.266463409043361299e-01,-3.479450456269477243e-01,7.813491689465346113e-01,2.780859851183354881e-01,5.476063030805180532e-01,-6.558372311401359234e-01,-8.045464068747687492e-01,7.542772484549766787e-01,2.565820976128607711e-02,-6.654018371905860985e-01,-3.544904455863915338e-01,2.420893250268862928e-01,-7.173594164807712836e-01,-4.490679215678405889e-02,1.356074584235587022e-01,7.025806377684047366e-01,-4.802895702918932308e-01,-9.621110519699760388e-02,1.819514858260451451e-01,6.893248407996308558e-01,4.508749679886614459e-02,-8.137675162401667439e-01,9.452644823021092435e-01
-5.548065958788312990e-01,1.099122557865928052e-02,-8.694068553796863164e-01,8.455466207495390130e-01,6.965689708952549353e-02,1.226739275928547812e-01,-2.359027485161300230e-01,4.325824221457557073e-01,-5.159656183749978808e-01,1.450205303096212539e-01,-5.482506933465280952e-02,-5.061832154040224463e-01,-2.206295010624044206e-01,-5.868246653802138280e-01,2.241476478608663836e-01,-8.892107211502129349e-01,-5.463787144229992343e-01,9.669734250058075187e-01,-9.278551778664532179e-01,-1.936094286297955769e-01,4.119987850084858572e-01,4.041191635416530037e-01,6.810376799274986404e-02,-6.085494200031513756e-01,8.780513911776899327e-01,-9.807709205784205242e-01,8.700444974046206426e-03,-8.739892287948554106e-01,5.982096670829450957e-01,-7.171314536024950836e-01,-8.947467685818137895e-01,-1.326829157083653232e-01,-7.844364509182844003e-01,-9.446188241053790069e-01,-9.504836186011538235e-01,1.786770839762552576e-01,-7.365136959243638870e-01,-8.704858045707686287e-01,-4.553556274731396236e-01,9.895183795495543499e-02,9.744684359864896894e-01,4.315867516218707678e-01,6.176086601376051810e-01,1.569895065597914918e-01,-8.547194323587425924e-01,-8.997347344159809523e-01,9.287913237889358076e-01,9.344691175073587264e-01,1.358137715675205026e-01,3.450680763242108817e-02,-8.125515987037175147e-01,2.737636301061860955e-01,-3.157134469515094910e-01,-2.099913088687677121e-01,7.433208413504277523e-02,3.179106129618987087e-01,6.250046563798796750e-01,-4.880870374049592897e-01,3.721732013050362831e-01,-5.535239593365119948e-01,-2.757456511918474629e-01,4.693613390800983609e-01,8.993702887599797080e-01,-3.593202876356527131e-01
6.461333571458018898e-01,-8.987289796820288057e-01,-4.332980198320850462e-01,4.517106757286160068e-02,-6.216446193198095216e-01,2.707553872674801632e-01,-9.009505591964941384e-01,8.816539423091813710e-01,-2.248455021249973207e-02,-1.357169511240556847e-01,5.022725011797379846e-01,-4.183647607665597068e-01,9.406519556523096348e-01,5.606611649423451915e-01,8.723462585853074547e-01,-5.414544317037170984e-01,-5.556011041093347202e-01,1.127530195576424976e-01,-3.372132035513328852e-01,4.240814678670972171e-01,1.402816708791099209e-01,-2.340367100152105362e-01,4.441425902951918747e-01,3.336696008861739227e-01,-4.599038144538576400e-01,9.497506484845057440e-01,7.063106268538732468e-01,5.698767066994352426e-01,-1.576944458005047345e-01,-8.338881717375796754e-01,-1.922641685218007268e-01,8.895956403669182944e-01,6.344021240952812946e-01,6.254361682414055768e-01,-9.621803534349744336e-01,-1.112755480918559137e-01,-8.150069853432073685e-02,3.346622213463141815e-01,5.148820472618733657e-01,-9.414743864236438942e-01,6.609328742220301756e-01,-3.911399570016858007e-01,-4.559349001248174105e-01,-7.472483633249331625e-01,-3.667083336672301019e-01,-1.680740994599849714e-01,5.545524730528827995e-02,2.110936856438316855e-01,1.643938319453992492e-01,-4.964493842293411507e-01,6.798120980677211378e-01,5.234972310446770472e-01,-6.716017786131025513e-01,3.280376391271140335e-01,-1.833683228027371825e-01,-2.737599352756729942e-01,-1.111830601454071310e-01,-5.944574848526507083e-04,-7.125749409057366979e-01,8.722261543379112858e-01,7.605268755014515936e-01,-1.278177850214368139e-01,2.767669749280945446e-01,4.870061075066600687e-02
3.272351530949726417e-01,-4.930679276884266660e-01,2.439478403568291487e-01,1.041296552620092353e-01,-6.625688336187147698e-01,1.445662016606468203e-01,5.959294085541366748e-02,3.941045705114496478e-01,-2.830491404067330130e-01,8.232411467621583157e-01,6.724535343907223073e-02,7.540254355144337950e-02,-8.839194692645715445e-01,6.144660637023759975e-01,6.499774509172620007e-01,-7.768754045469505876e-02,-9.133445780851676687e-01,-3.637281226623427788e-01,5.511122210599055382e-01,-3.987235159332254142e-01,8.464596095869854064e-01,-6.130761971500917618e-01,8.697931602073196711e-01,2.172746502807396674e-01,-8.794434790574388039e-01,3.237570757404704125e-01,-2.992325170602256890e-01,-3.729142912959153566e-01,-6.534728454927944963e-01,-4.149414367726196318e-01,-1.433328886209259689e-01,-1.721488390982783834e-02,8.847604651867166936e-01,3.783532473597857049e-01,9.875952973210202490e-01,-2.151128387637539774e-01,5.117048487682616109e-01,8.366685908386468640e-01,-3.961316559199068443e-02,-8.213691969796684811e-01,-9.370716307719906268e-01,1.825141029792956004e-01,6.582547081282574819e-01,-3.118572666735197618e-01,8.843702621763884775e-01,5.256138343543759195e-01,9.660081357314820316e-02,8.733455316413176739e-01,3.617636749051524880e-01,-5.129014110289689121e-01,4.929352346945345964e-01,6.932308890107268251e-01,8.114229458224753166e-01,6.505518079179126723e-01,-3.263332848412456855e-01,-1.915117626887026248e-01,-2.124028367448582699e-01,-4.986301148574556752e-01,4.825787398636465220e-01,-3.422396384070083286e-01,-5.028400123372351871e-01,-6.977341128333907072e-01,4.637882228900629400e-01,-2.399845118229397833e-01
-9.867608385165680396e-01,-9.176087393176999285e-01,-7.496142716419613716e-01,6.264695992404782920e-01,-4.915842191248342985e-02,-9.225478418935004754e-01,-8.422078682961684493e-01,6.453317764924124678e-01,-2.023062756373632531e-01,9.105212222684588852e-01,-7.614530783157831273e-01,6.218134556432066695e-01,9.626350627378732483e-02,-5.494566729072229982e-01,-6.743694355692992914e-01,7.985146702289231957e-01,8.449020363037240688e-01,2.794430506456251351e-01,-3.883065160148893025e-01,8.131879994191348882e-01,-2.541158743516045426e-01,-8.030894770405565541e-01,-9.506638300258443142e-01,7.734806301081142976e-03,5.914760387561810440e-01,-9.716353003505859842e-01,6.262853746717778058e-02,-9.422540455292820472e-01,-2.742982465065690878e-01,3.143732162414762943e-01,-6.860269475803009165e-01,-8.697538837560632174e-01,2.860421015384291277e-01,4.604305074859904590e-01,2.000648509110112272e-01,-8.239138987396881220e-01,2.266234912825331183e-01,-9.357797085499337530e-01,8.683824193193891983e-01,4.897996064854970300e-03,-3.744053472048323172e-01,-2.962149916929130988e-01,1.084643619885305998e-01,-4.902750450616379929e-01,4.262178048595146596e-01,-9.290118278918628736e-01,-9.557212392096963161e-01,8.094004884116761112e-01,4.785838075569133210e-01,-2.416471633049810386e-01,2.770774837866283313e-01,-1.044860570105026198e-01,7.496103908148965544e-01,-7.549780802993597550e-01,7.687537279189367023e-01,1.354301160085336075e-01,2.775637187710020548e-01,6.828322492578371428e-01,3.064095712732339827e-01,-3.193504021667165071e-01,-1.108712604795338841e-01,-2.009693130110359327e-01,-8.887203159441439126e-01,3.102971614952863000e-01
2.073260854692660082e-01,9.686695823341600065e-01,-4.527081630871017115e-01,-7.818122093498043323e-01,-9.467121673358924738e-02,-3.324596343589636405e-01,-7.465921456281543467e-01,-7.359324697989138020e-01,-4.707864109764172689e-01,-3.281960832930614913e-01,4.163470685535457516e-01,7.409047584072643300e-01,1.376531125431881275e-01,-4.710954052938649550e-01,7.497891538997683014e-01,-9.394004274062242033e-01,3.180513214801838906e-01,-4.329244465670758490e-01,-4.134736317448717280e-02,7.133142485585413084e-01,-7.138769456999884966e-01,-2.607842220442631032e-01,2.864838731590828580e-01,5.318639968735272561e-02,7.756013647366155617e-02,3.324344245038659551e-01,-3.989571032569361186e-01,-3.373538470808308265e-01,-8.772349353981323539e-02,-7.465225815779474861e-01,6.104284408763449576e-01,6.102201347941043075e-01,3.720684018551465577e-01,1.364395565747755779e-01,-1.113189137417220920e-01,7.509784345746939316e-01,4.100619996614967011e-01,-5.821051147786002744e-01,-1.407039672286403142e-01,-7.711980695927378449e-01,-1.533217862310793933e-01,5.992059733811974098e-01,9.239324730112892237e-01,2.953653666870261763e-01,-2.528093347300863769e-02,8.942182411422638921e-03,-7.055389324641969662e-01,8.277693951692590701e-01,4.059000407727482163e-01,5.696114999353696362e-02,-3.337417445647967718e-01,-2.550918134004032112e-01,7.119021923286574793e-01,4.535534915907977194e-01,-9.112254876607972509e-01,-5.419565850754040071e-01,-1.396827015772612590e-01,-5.157017012976958803e-01,-8.517323155868958828e-01,1.524498434321004403e-01,5.227010622190924050e-01,-8.891435334149304648e-01,2.346679152425479309e-01,-6.399293309727975831e-01
2.625430865182707407e-01,-3.644374316706302519e-01,-6.157208754014675822e-01,-7.271564445994636028e-01,6.253065079520632175e-01,8.740583474480787540e-01,2.868747976759151719e-01,-2.561420348647651668e-01,-2.007976733649139423e-01,7.240638771014682451e-01,-8.422129701529617041e-01,-3.149001127848651826e-01,-9.288786147467442689e-02,-3.015852634185487435e-01,-7.381963649621197110e-01,-9.654601559875581884e-01,2.225985935639556157e-01,3.615022760364976495e-01,3.138579190946291231e-01,-3.811875316176491779e-01,-2.436929009923072265e-01,-9.965771628667354776e-01,3.478708218185371237e-01,-9.071407801251247793e-01,5.576305734189097585e-01,-7.494717626225444462e-02,6.772151666414087945e-01,-8.366081830996949797e-01,-5.462073917842846793e-01,-7.679114896452499117e-02,1.583627534908642609e-01,-3.781567491396864433e-02,-8.737244677819981931e-01,7.358523442487074906e-01,7.608120347577993492e-01,-1.331462606452591402e-01,1.725215182281891746e-01,8.643702931910750564e-01,-1.059589759325585412e-01,-7.022596615566463196e-01,-3.336563127368570303e-01,-5.598439572783409091e-02,-3.909722734356431140e-01,-1.320167598992170177e-01,9.988929303469440413e-01,-8.767950036986220663e-01,-7.497625964093548312e-01,-6.212230548137518404e-01,-8.237279061589608542e-01,-3.931848152342487523e-01,1.030436108522845284e-01,-3.380473647413824168e-01,-6.702983954667482980e-01,-8.898637815244447857e-01,9.016883244092286365e-01,-7.331241127355623277e-01,8.744867383854937337e-02,6.800356813163082048e-01,-1.539537069874823416e-01,-1.713661324534407893e-01,-3.769102086587845513e-01,-4.824584353665692937e-01,-2.653379990299926661e-01,-5.295611175624586053e-01
6.150959995615401521e-01,5.757235571981547118e-01,-6.872736753645617425e-01,-2.436023394750133075e-01,9.411127434459811703e-01,-8.615857718473511895e-01,6.212086612449319034e-04,9.570028401464949486e-01,-1.355271415282026659e-01,-1.978545202690662475e-01,-7.739588000969075399e-01,-9.102854972825256130e-01,1.455375151289002300e-01,-5.353085623590745357e-01,-3.208781598437815408e-01,-4.872451378624582663e-01,-4.003795167200063787e-03,5.761401914493813337e-01,1.455954199026763263e-01,-4.733012719006417512e-01,3.961515883058901455e-01,-4.296127932284725670e-01,-3.703420562448451747e-01,3.288893878524896675e-01,-3.409641933768250421e-01,6.280521246409682679e-01,7.808018710015940389e-01,8.589414392901439932e-02,-9.317653394713509840e-01,-4.508357292793161442e-01,9.393471187268833678e-01,-6.518833659932086189e-01,7.580934463546080693e-01,2.335093431127228669e-01,5.219603848794123202e-01,8.405367961534633281e-01,-2.848193067214959129e-01,-9.065135557658032806e-01,8.411661963012364573e-01,3.553490102052150323e-01,7.154334416773442396e-01,3.427010725422772186e-01,-8.065737033650293153e-01,-5.916958929531888067e-01,-9.361986053559956389e-02,-6.183985922639845256e-02,-1.372677896515865914e-01,3.954895743789059726e-01,9.613726446804133907e-01,-2.904496686683784024e-01,6.885898598810527016e-01,8.566262045356431987e-01,6.174698686720754282e-01,8.860110759512960232e-01,1.016363814035003976e-02,-9.418738687832908241e-01,-1.973452307883771795e-02,4.856015995265203777e-01,6.743270040838675872e-01,9.886447560141662372e-01,7.938600848589549841e-03,-7.209205704406711490e-01,6.147319041583587662e-01,-1.427947783513550117e-01
-3.739590238133738698e-01,-5.422674909430749146e-01,-6.308826653142085572e-01,-3.155368896772572374e-01,1.011020514017002547e-01,-3.749848160167743583e-01,-2.748252305293896747e-01,4.446489900088326230e-01,8.907039841667607760e-01,9.423971281647773868e-01,2.720698214772911960e-01,-5.556892075682440257e-01,-9.552384254955503806e-02,-1.119954692621083492e-01,-8.166960286798510271e-01,6.579318228186628037e-01,8.729783025158832643e-01,-2.315742238199858249e-03,4.099815099991444001e-01,3.436299297508633721e-01,5.862120184315497973e-01,-4.495776115002954043e-01,6.386707364890220617e-02,-8.069770387767682962e-03,-5.141096983179402891e-01,8.041282210201947667e-01,1.668306880168342055e-01,3.251948477543575855e-02,9.898277829631167979e-01,3.995816021070253132e-01,7.041853915193225788e-01,5.796138302576847590e-01,-6.475953317931999464e-01,2.918089424734677806e-01,7.840326268413122524e-01,8.075545114069626607e-01,-1.375830558772623835e-01,4.812749737917332293e-01,-1.614514385883571990e-01,9.382438296516570908e-01,5.548174785491013505e-01,7.084664618547618087e-01,4.371188068504716639e-02,-5.536842917105093687e-01,2.194740599673330461e-01,-3.332065887091586465e-01,6.044459453255865977e-01,-6.607321873499047982e-01,-2.114091227230656678e-01,-2.344665216388048812e-01,5.748309993087150627e-01,9.639220732601927466e-02,2.059783120501612608e-02,4.498820572372876914e-01,3.073517674472503458e-02,8.609189331602074002e-01,1.670153546934658451e-01,5.940993242980077138e-01,1.900108651657532732e-01,6.627400994754617525e-01,2.336115582627438236e-01,5.596237808904218625e-01,-1.322897229280186604e-01,-5.982929125687013183e-01
9.728595490480123065e-01,-6.328218831984155912e-01,-9.807315924415818120e-01,9.101356606623043355e-01,-9.239214476673278664e-01,-1.156219169207075570e-01,-4.265460271947842941e-01,6.654799582830346338e-01,4.170455728681463636e-01,-6.210985560865291966e-01,-6.900198826189374302e-01,-2.893406316728475147e-02,-9.069822470540194193e-01,-7.597164865355061636e-01,-1.198127350238740174e-01,7.525704398702302012e-01,2.051642502900599130e-01,-9.166765870951389950e-01,3.478552732659743185e-01,-9.280294106722253300e-01,-4.543339454353234608e-02,-6.308629812793427050e-01,-8.716405990749691579e-01,-4.032650310612273525e-01,3.747080857689253364e-01,6.810138501692319934e-03,-9.426379891955498636e-01,8.431462652365526722e-01,6.399061680409070529e-01,5.980733174126626750e-01,1.966265593225497987e-01,-1.252159744724878898e-02,-5.075095879300122181e-01,8.295324906911394347e-01,-3.186982477291657734e-01,2.370708072617528916e-01,-8.020771268028381584e-01,-9.217093146810517723e-03,5.154992637467534777e-01,3.109081032053313542e-01,-2.085208130661828640e-01,4.891334245444152184e-01,-3.081245688800984261e-01,6.289966798583064289e-01,5.313446053219086362e-01,-5.166086583712632407e-01,-9.161592856993472367e-03,-8.963502510679346447e-01,6.841858232027873132e-01,-2.480271357103551733e-01,5.771631213678722894e-01,-7.616629468412479120e-01,7.994745462026284777e-01,-8.580164225773052600e-01,-5.136999978207301698e-01,-7.836799796473314927e-02,-9.586101283934196360e-01,5.260941390126696593e-01,3.194343408613915525e-01,-4.924367149510533448e-01,-2.572831471267718051e-01,-4.346281667003213389e-01,-4.803324500179448897e-01,1.398840962795979692e-01
2.133578881827578044e-01,-7.706492113495435614e-01,-7.664428803423566361e-01,-6.902520194389001329e-01,-7.615080999220593672e-01,-8.650721062438788689e-01,9.207158115312541469e-02,-6.328073341523603457e-01,3.269284726046197687e-01,5.987474066998272892e-01,-8.509495558586803732e-01,3.035774504223294201e-01,8.159738821703252931e-01,1.777469870130183871e-01,-8.406456750969735214e-01,-7.936213372853582193e-01,9.485912074923767978e-01,6.708226992488772744e-01,-1.321920099922830882e-01,-6.132415739532102172e-01,7.234617867689325799e-01,8.004912402209114486e-01,3.882904632639783138e-02,1.596931295872643375e-01,7.918038207593802724e-01,-3.079593494104322371e-01,-5.443424179888627368e-01,-2.757266452622526565e-01,3.336691693892723798e-01,8.886038348620501903e-01,-5.443092166338332483e-01,5.195954662843682570e-02,-1.689818477822901954e-03,8.349885033289261571e-02,4.383299319838609431e-01,2.952378617659960902e-01,-1.716665406705077945e-01,-2.519386387391915338e-01,-7.975503419694056628e-01,6.350140545549254334e-01,-5.256946290987496440e-02,-5.710550986748832436e-01,-6.053320376116504420e-01,1.045869825469025738e-01,-5.365086401006278205e-01,3.646395112840576935e-01,-4.491199579366955685e-01,-9.273616246937588237e-01,6.608789281303661944e-01,9.658850618891132722e-01,7.464178824010465618e-01,-4.989949321255364723e-01,-4.959736591851893195e-01,6.159605102314058556e-03,-9.624898624885944720e-01,-1.917375097982920717e-01,-8.955877646780119328e-02,2.914238233128554345e-01,-6.696383370455782913e-01,-8.821424452067339050e-01,-1.590174277851070794e-01,4.550858620370974439e-01,-4.516021380465415902e-01,-5.342298950206083585e-01
7.309178593618133046e-01,-8.589640518909411604e-01,-6.727983466280795799e-01,-3.881315986975049093e-01,5.174345461113061262e-01,-7.001368773420990621e-01,-8.246621332976222796e-02,5.494671986957275767e-01,-9.777433251208591525e-01,-7.169069641453722497e-01,-8.761600017203150514e-01,6.494271357036200953e-01,-2.726773147589913737e-01,8.183778310989857641e-01,-9.765062322243456272e-02,-4.713036392971510224e-01,1.463409929557921707e-01,7.022580347021298852e-01,-4.826702952378796319e-01,4.591556417552455915e-01,-9.168934488644391312e-01,1.883419234205494508e-01,8.953646668893164851e-01,5.261404730128815821e-01,4.584655486223185861e-01,7.778783790813454946e-01,1.704024597689302034e-02,-9.691407349383820424e-01,6.332579517631222732e-01,8.337716369279175588e-01,-6.005045313639287841e-01,9.435266857221691339e-02,8.635724675048856991e-01,2.713870900423218657e-01,2.535610155738021732e-01,-7.293183055391418979e-01,-2.887067378890701974e-01,-2.067694916628162183e-01,-6.073714098933786776e-01,-4.329113190692548407e-01,-7.380386282694437750e-01,6.344057535557969807e-01,-9.851928396170905877e-02,-2.569362285242609012e-01,-7.478402910183783447e-01,-4.311294948988011466e-01,5.447868747625903563e-01,-8.277773410256035191e-01,4.851441451552847006e-01,-6.422709041904843819e-01,-7.468043014797531853e-03,-1.066786018954697379e-01,-4.765814742884415534e-01,-8.872469934378073297e-01,-3.703877503364798596e-01,-1.397907039405057450e-01,-6.006372271737958624e-01,-3.551531285954729888e-01,3.598284006835752447e-01,4.513042373070526025e-01,3.479994796667107426e-01,-7.280730694080810306e-01,-2.518075625990976452e-01,8.684337480805535137e-01
-4.830834042237326376e-01,7.609367745721791199e-01,5.161970400515634161e-01,-6.174866184529352875e-01,2.985291333385233781e-01,-3.493038615856214335e-02,8.690358998067009288e-01,-8.106005416404773456e-01,3.696716808327931147e-01,-4.221147804379565827e-02,-1.058553874103473902e-02,7.946595580671007575e-01,-6.370490191442970129e-01,-1.610388530256638973e-01,-7.115923835463691116e-01,-2.281856330313245529e-01,5.243073991310704951e-01,5.015527480358386025e-01,6.089720863177274790e-01,9.246655869694762053e-01,-1.137697770313330636e-01,-4.822282662881636206e-01,-9.348321418343046307e-01,-8.254363625325673581e-01,-2.406995226366248630e-02,-8.048982440572336472e-01,-6.562410193344261344e-01,-1.412956708784223192e-01,4.384823781603091053e-01,9.177740467328421303e-02,-2.945443768272246743e-01,-5.989797937319132348e-01,-5.825749405319522456e-01,-1.525377011175812481e-01,3.367362970314569104e-01,6.524283902491205822e-01,6.344073305056929790e-01,1.960937581085759884e-01,2.304859053073999853e-01,3.625299142240863137e-01,-6.319886300657344691e-01,1.738317805833333729e-01,6.016981605725171267e-01,-1.243159172403618395e-01,7.369999254517121123e-01,-1.870577761770113590e-01,-5.728108890179850476e-02,5.266269676908927888e-01,8.046103532105128853e-01,2.941659475902247411e-01,4.528331213558440815e-01,-6.951976360403262500e-01,8.581689907858784938e-01,-1.250434516769378668e-01,3.546208805232353711e-02,5.556839616732509590e-01,3.191737380194552554e-01,-6.176054137173616621e-01,4.496673530505073124e-01,6.844072753353305227e-01,-4.845176179242249859e-02,3.037508459320226173e-01,1.306562178798356122e-01,-9.175423654643597438e-01
-8.334666405892408036e-01,-2.676058312003564144e-01,8.903442713169320566e-01,-2.567262097225246897e-01,-9.372142451868883395e-01,8.145649352007735544e-01,-2.561266607949503893e-01,-8.930025643621095632e-01,2.295171405966012212e-01,1.071540820539231831e-01,9.995343466951875921e-01,-6.050789348656067101e-01,6.620054430975732540e-01,-8.874113568821111464e-01,-8.798673442122706412e-01,6.975625672639618191e-01,6.917258225978126229e-02,-7.858886471441193233e-01,-5.571517556567719964e-01,5.414002529906318806e-01,8.455293688347442771e-01,2.330343097699449917e-01,6.210995111718098372e-01,-8.519535410917598028e-01,7.911993106922405872e-01,-2.809506951936271424e-01,8.660839855963080591e-01,-8.380960368916272607e-01,-1.183360293411925834e-01,-2.429391707443107062e-01,9.597889907103955842e-01,-9.476364957350171814e-01,-4.961748713429452451e-01,-8.073695418447615069e-01,-2.408606091919740511e-01,7.391949083015529887e-01,6.749314492948095268e-01,2.585825590966137622e-01,-8.757569744577367032e-01,4.384271293212194109e-01,-7.411229615609034038e-01,8.869438146586845484e-01,-1.346991527042638026e-01,-7.043836720383600536e-01,7.588641058494722813e-01,7.758246965117860938e-01,-9.629676636384605359e-01,-4.828279354058129247e-01,9.136728486742051736e-02,-1.202814779168190906e-01,-7.225583845694434348e-01,4.480691840217376765e-02,-7.929744517974830487e-01,6.403779653195584842e-01,-6.526756180613888514e-01,-2.098585685699256853e-01,-6.511455990396683990e-01,5.617728713248770767e-02,-4.927047936077060264e-01,-8.386568695109628546e-01,-7.580509030176916241e-01,3.714754333639731509e-01,6.068147096431668608e-01,7.186454004746551938e-01
-6.418853593954065850e-01,3.379310244372653038e-01,9.475391651073472588e-01,4.618477883476670431e-01,9.222496757653297905e-01,8.365414461759419495e-01,-4.999947629673067162e-01,2.236103194857355092e-01,-2.173784498417803412e-01,4.823198784865003752e-01,-8.512884400953857345e-02,6.600148146807303107e-01,9.617299150188824974e-01,-8.620438902187321784e-01,2.956109265416315690e-01,-9.746224153452989203e-01,4.414146047732891986e-01,5.813808717956758798e-01,9.893917755393559776e-01,-3.993745351853228431e-01,2.877307569492499884e-01,4.750462984573418090e-01,-4.048178894252472126e-01,8.869273173296816637e-01,1.795616534155164423e-02,-3.050246720572404868e-01,-5.029282977262365950e-01,3.219678073469063317e-01,-6.391794339393375157e-01,-5.117694877641354445e-01,-1.068588973607855763e-01,7.631822254561193564e-01,-2.785783271189876675e-01,5.652656199288936811e-01,-1.619943371482632788e-01,-6.386303005824720547e-01,5.461710713929261996e-01,-5.168202820302942868e-01,-8.868245159934495803e-01,3.106488672683485053e-01,2.020728602079908676e-01,-3.255579079582004987e-02,-8.361447430722579455e-01,6.798505892330377609e-01,3.906823529630587544e-01,-3.746371092321705287e-01,-3.452151166460313281e-01,-9.249771624344460541e-02,-1.507927498369041608e-01,6.744633801424542163e-01,-5.477658150593112119e-02,5.582909003714613405e-01,8.628012967064879746e-02,-2.939658308034238665e-01,-8.566235171605489640e-01,2.437991642545955795e-01,1.452171453355288744e-01,-6.226686279384137102e-01,-1.824448962621634251e-01,-7.947814914432982381e-01,8.391852604659746362e-01,8.734268026714853139e-01,-4.421530828362563170e-02,4.102565935853699219e-01
2.357487816657570789e-01,4.117396698091828622e-01,-5.122129725889223995e-01,-8.725760550854908537e-01,2.495656833158070853e-01,-6.323037807873279625e-01,5.963287360048794561e-01,4.744784675133686402e-01,7.285860654323228491e-01,-3.369417053286252184e-01,-4.424876196041593879e-02,2.258125709638234557e-01,-8.146185944404815693e-01,2.491634029204932155e-01,-8.937045467062183501e-01,-5.212036114198601577e-01,7.851563182790075590e-01,2.642914295035063699e-01,4.920023156576869283e-01,5.586383746266909700e-01,6.751629075622864740e-01,1.763271058469533248e-01,8.700760676508791924e-01,-8.456369603968829640e-01,9.984676045373690467e-01,6.419790741786290944e-02,-9.467399861343963607e-01,4.086337645345230474e-01,-7.332114303226728858e-01,1.405181358674032488e-01,-6.271973560880397258e-01,-5.156892475489747163e-01,-8.427672446587697319e-01,8.441806807750282804e-01,-7.685336046015942557e-01,-8.661076700544874107e-01,2.996943305225798770e-01,-2.847471397019671890e-01,-6.681369036734843281e-01,4.663796001426747662e-01,-3.561571587153682383e-01,1.495438912825146627e-01,-5.274511073769225789e-01,-4.611455023056221236e-02,9.499520999704933466e-01,4.649021270842557119e-01,-3.161784020876334811e-01,3.233579410889151351e-01,2.756555959959761104e-01,5.635680092305193067e-01,3.254265586258724419e-01,8.164626939081074397e-01,-8.693763518595063466e-01,-9.604379971917214043e-01,2.241389658034209642e-01,-7.035719055476619133e-01,-4.546886303491302073e-01,7.934164169066746375e-01,3.129476524057119846e-01,3.816985575254954188e-01,-7.431239473501269899e-01,-1.220584902963477436e-01,4.642313681669374414e-01,5.578291532946377806e-01
3.471760343700807105e-01,-4.852089592691404274e-01,9.550911804186184018e-01,-8.173536131834180374e-01,-8.335856602806508420e-01,-9.545403852954092994e-01,-5.915828895913868291e-01,-8.736059816208001649e-01,-4.516089198686632500e-01,6.177286281775822285e-01,-7.438285323557216611e-01,-6.826194549927588895e-01,-7.675630378217119798e-01,-8.978612419986462534e-01,2.165754415787031206e-01,-2.529452446204303318e-01,9.207368299479834484e-02,-6.233427023651567644e-01,-4.497709004153651602e-01,-1.573184164777252647e-03,9.016335046903476425e-01,3.086231151853291443e-02,-5.070979061060354454e-02,8.965640831383729914e-01,8.361280874246546091e-01,-7.332811448559575229e-01,8.121366052359557663e-02,4.602566239475116561e-01,-2.681677966744322461e-01,5.754729516544414558e-01,-8.394802503662461834e-01,-6.127106762833167686e-02,-4.394158802635232952e-01,3.655668476483355800e-01,4.782572985186583914e-02,5.236739063432840346e-01,-9.659674691824871040e-02,7.949341873655135782e-01,2.865319557832486375e-01,-8.042933864848966774e-01,5.657096331185029747e-01,5.784183135571892009e-01,2.152656351854886907e-01,8.787412984589026976e-01,-8.572488995378710896e-01,1.060560158300722922e-01,-7.087321346455111026e-02,7.824580790689374954e-01,2.163160206016723208e-01,-8.801697499301237571e-01,-5.412752277452241856e-01,6.320678826536105799e-01,-8.480723307051933890e-01,-6.237877187921947453e-01,6.478515225188865578e-01,5.965933594381955807e-02,-7.188021771525305859e-01,-4.443608750041214694e-01,-3.865401192129327423e-01,-3.370924446105250105e-02,-7.063413013020451992e-01,-5.885545234174147655e-01,-8.882280514180209696e-01,8.599927933248616707e-01
7.724712139587897042e-01,-8.490757227686600572e-01,5.724685119159407254e-01,-1.223587365659843940e-01,-1.733981602916314646e-01,-1.471156663031685241e-01,-9.383093962267061716e-01,-9.495135319099310411e-01,7.063780035449933603e-01,-2.231079555939343706e-01,9.141800005298288401e-01,3.032223286944923935e-01,8.232451042899369131e-01,-2.148452589064642204e-02,6.973519730419355245e-01,-6.516965258064932875e-02,-4.226194763985553493e-01,6.800681344670562734e-01,8.045117790695612836e-01,-3.120264668334347125e-01,-4.057596803077951897e-01,8.416134097965426442e-01,-1.115752051749701046e-01,1.369110225573213491e-01,9.418821474658654047e-01,-2.135547188506721206e-01,6.701070051600577226e-01,6.144099421604782840e-01,7.850105486317082715e-02,8.802786688622252775e-01,5.948501929552443279e-01,6.544622366182895057e-02,7.684087622496234005e-01,-1.599708642850126150e-01,7.123547080457206526e-01,-6.289609747622177949e-01,-1.721787532761702710e-01,-9.786656310025871885e-01,5.943951386689960703e-01,-4.642888639492939173e-01,-9.784252597969000931e-02,1.650639422349826635e-01,1.343908542866281142e-01,7.303319781861727922e-01,6.973353682555827326e-01,8.139004146961010822e-01,5.463048400452961140e-01,-4.119742725918391635e-01,-7.832225398406407191e-01,-4.232524541845479327e-01,6.087587639891840485e-01,6.022225706535591083e-01,4.577024818181436583e-01,-7.558293041113288702e-01,-7.669771659885733506e-01,4.927494901522981863e-01,-8.505376260543795475e-02,-3.798713595373057750e-01,5.231182026969241061e-01,-9.240736412898209462e-01,4.038922969544056496e-01,4.464575108200194986e-01,9.607812317979329553e-01,9.664457551590097673e-01
9.485446294642261300e-01,-8.478932325295491790e-01,5.154787320704572462e-01,-9.544805013779877889e-01,-5.824165551294169241e-02,9.143233989044692311e-01,-8.240032962287746621e-01,7.073681792842025917e-01,3.634867269988313332e-01,-9.371502550895560724e-02,9.232410166561921816e-01,-2.244656911126190479e-01,6.719582016586300721e-01,3.709138140280108242e-01,8.295463438026324798e-01,4.000739129402262062e-01,-2.477868833844263374e-01,9.446191312947365137e-01,-8.616360040932324882e-01,8.010816376665277350e-01,-4.271021947596191914e-01,-3.238754368167684472e-01,3.146127154706734874e-01,-6.184869864253605964e-01,-8.383200948721123424e-01,1.632724444372786188e-01,7.372461100256970656e-01,2.364196266747597974e-02,-6.935128089292816878e-01,-9.509982792771936033e-01,-4.423347687635961201e-01,3.300272606862815206e-01,-1.063426741699486922e-01,5.517692110315892684e-01,4.508789799156214251e-01,-5.487262402296535502e-01,-6.184604033679708124e-02,2.938917737926338702e-01,5.880094988139521472e-01,3.520630163546230040e-01,1.840594150953120955e-01,3.493453007181634984e-01,-7.580804133192817762e-01,5.005096430073039393e-01,-3.291324663389103566e-01,4.099164130128558625e-01,7.398262346129635958e-01,-9.413700931649371384e-01,6.757726638709127265e-02,4.297861236735107671e-01,2.446321817398173781e-01,2.138311927565070825e-01,2.918328145130459905e-01,5.813277219232566573e-01,-4.857652458368033610e-01,-3.480437540035474786e-01,-5.060180877583642101e-02,-6.797164608383878814e-01,1.497102711566462574e-01,7.493508345735393483e-01,5.199469438015473788e-01,-7.307588885412195090e-01,3.625945160108274834e-01,-2.927131347253302263e-01
4.097573044176239243e-01,-8.654842320321336491e-01,1.779582420757455097e-01,6.222530873007112717e-01,2.597337579812974973e-02,6.789018000611732884e-01,-5.871242934571614391e-01,2.534112894577591479e-01,-2.571870183873437021e-02,-1.582061554338192177e-01,-1.309292808656257190e-01,2.704171726542403675e-01,5.940841339381461861e-01,-5.577104867851634395e-02,-7.077724994637470957e-01,3.161509291510293806e-01,2.231085819779883295e-01,3.685785530678415967e-01,-8.087196649387529135e-02,-2.666404639831401191e-01,-4.730311736932775180e-01,1.275425102263827437e-01,-7.240564721086939493e-02,-3.348633694023281926e-01,4.793760603866412673e-01,-4.836013021379403920e-01,-9.869837621417012485e-01,-7.617940329856012216e-01,-6.268578866600948984e-01,2.023628454603292326e-01,-7.472203632449649913e-01,3.266662673837701369e-01,6.480245971804077243e-02,5.400003134834112650e-01,-7.291047386101776606e-01,-4.146273144503356267e-01,-1.170928631515042451e-01,-8.347363239703009530e-01,-5.925133622081091289e-02,5.529596424765614859e-01,6.317963222448557126e-01,6.509749771518229533e-01,-3.066509697956298908e-03,2.779577505008934413e-01,9.888599113376648209e-01,-3.098909978445525404e-01,-2.913963293915347030e-01,5.100369105517299495e-02,4.629491335302782229e-01,9.780946569834623183e-01,4.779943691052013222e-02,-4.697995621743566996e-01,9.845631667155241296e-02,6.676038113088944570e-02,-1.149214748595808189e-01,8.593363151853470328e-01,2.083938364122728260e-01,8.744807168693444765e-01,-6.870008296934948522e-01,2.876919679825993281e-01,-6.357267551801553118e-01,6.514648300326391084e-01,-8.381604303398135780e-01,-3.861605410051569542e-01
6.169127449094086169e-02,-1.240380749546710071e-02,-3.643143001623405652e-02,6.718989842893841047e-01,-3.187451102885408005e-01,4.638405521937014608e-01,8.091702172710648622e-01,9.570854635928520704e-01,-2.997296644305302848e-02,-9.941542027353873490e-01,9.861510255427454741e-01,5.506765350745361776e-01,-4.734877192709425753e-01,-3.165978022251823010e-01,8.154226345365758188e-01,8.629322656664943914e-01,-5.747006994979246830e-01,1.445621206736482645e-01,-8.126713427246772259e-01,2.968858003674794688e-01,-2.900806513593598979e-01,-9.695864981844442010e-01,8.607283621384416161e-01,8.836284903595419404e-01,-6.329330294856847505e-01,-2.991096770464740651e-01,8.214070983316066332e-01,3.306150294129850398e-01,7.359515363808231125e-01,5.323299771935872116e-01,4.513566732881322263e-01,-7.210389569871571425e-01,-2.306400250858025025e-01,-8.905506569670937900e-01,-1.244986668511166572e-04,1.958747490672307912e-01,3.914083837249759945e-01,-5.195288697760700458e-01,-8.620586772309812851e-01,-7.793321302592373101e-01,5.616149755388439857e-01,6.469965475147023692e-01,2.779877582685348347e-01,9.317501504415908187e-01,3.833994059439183033e-02,9.725545217138706899e-01,7.725644964684268423e-01,-5.370102105864249520e-01,7.711624998388511010e-02,-6.163351687678155777e-01,-9.883273243617902715e-01,2.476611000913244709e-01,1.772385145022017383e-01,3.447832709380596050e-01,-9.615033446713547871e-01,-8.295498678576189722e-01,2.170910176786766677e-02,-4.356923979888454035e-01,-6.481911235507780145e-01,-8.535045912047534156e-01,-8.738795912111503306e-01,8.687186039794658754e-02,-4.875202261556297323e-01,4.554889548575078440e-01
3.553747222031036213e-01,-5.413898106931527288e-01,-3.727827731883337492e-02,9.064856891296539931e-01,-5.758546834644024948e-01,-4.931310770435779478e-01,-4.349145129130176368e-01,-2.449260608866672406e-01,-6.584112718089141225e-01,-3.495452018997917687e-01,-3.281309041113802394e-01,5.536381966701173774e-01,2.429287961898913828e-01,8.688450925131629976e-01,6.895175199750409600e-01,1.068558156734040754e-01,-2.428201583217464155e-01,-7.499251639722572804e-01,3.604962776415370218e-01,3.983432757433968963e-01,9.521400968710260759e-01,5.495418421054047986e-01,-2.499636420116255753e-01,5.446390647458503320e-01,3.638278323292696292e-01,9.987727384109397200e-01,7.913382901322367768e-01,2.238450185492988354e-01,2.540038040189320778e-01,7.193121159375492901e-01,4.202377683511313577e-01,5.874432053311573476e-02,-9.160178478523972601e-02,-7.804690578636197529e-03,-6.717894885807020877e-01,4.351242240511747905e-01,4.457694758035350979e-01,2.429019910874830046e-02,3.251779440128967913e-01,-6.900622647700400680e-01,4.968980160448175365e-01,-7.110627853669815313e-01,7.106333353147609166e-02,-3.698469520473168792e-01,-7.743037544054396371e-01,1.297598937757293847e-02,2.781982664810473960e-01,-7.217571091659489291e-01,-7.036968250021606863e-01,5.633346245325918655e-01,-3.998127945646898773e-01,-8.335946531979714358e-01,-2.512695229701262800e-01,5.607394375643681705e-02,9.294839492907667200e-01,-7.482001267306763737e-01,6.187325783674364477e-01,-9.194951728934490642e-01,7.533750121524258603e-01,-8.038724581594702823e-01,3.211546930502926500e-01,-8.630482604415139480e-01,-9.991572843307239271e-01,-4.418635790268268249e-01
5.731291419662833952e-01,-7.734713640419110803e-03,4.863113045181661764e-01,-2.207912993511160771e-01,7.627002742596586948e-01,-1.032189359099460191e-01,3.089967984501924558e-01,-4.242359740076624419e-01,-9.280208529502786963e-01,7.951014753718019801e-01,4.112756136045931932e-01,-7.895929134438632868e-01,3.688407382286580383e-01,9.367152467034502994e-01,-1.418205426005718639e-01,-4.658965056019761519e-01,-8.072744542501075760e-01,-2.471768520967589922e-01,-4.745552993831418931e-01,-6.525788670709840034e-01,-7.748519627950674060e-01,3.076106630560002664e-01,9.940874105374843950e-01,1.429623288751229460e-01,1.214213900656075928e-01,-2.516925374010210437e-01,3.738043235133596820e-01,3.096066983769361070e-01,-6.697772810431752433e-01,6.825779561495157743e-01,8.322707130746758164e-01,8.624517973392002990e-01,7.321941284037454256e-01,-5.477717236707424497e-02,-2.647900949784776081e-02,9.210040540793045238e-01,4.644191270278874573e-01,-5.887715660140715457e-01,2.090011393998989497e-01,-6.516640539736044957e-01,-4.564600721481690826e-01,-6.380390275658029964e-01,-3.657443993101390234e-01,-1.581665109133643110e-01,-3.988751583123110178e-01,-9.948453389252580603e-01,7.139287101097031574e-01,-3.751814014998897662e-01,4.822774182312576929e-01,-8.550647378498124063e-01,1.384666799612253030e-01,-1.449032462021606626e-01,-5.485263476062007815e-01,-1.560679338629966662e-01,-8.956779933867311527e-01,3.751193972275557176e-01,-1.529432569955968546e-02,1.163562333857748321e-02,5.320924265178934576e-01,1.626828289716786280e-01,-2.786671107695628535e-01,-3.771045926129754644e-01,-1.141163788206724927e-01,5.687072173006681997e-01
7.954170727595049062e-01,-1.468435395243099517e-01,-2.093880327804600316e-01,7.632637458410851394e-02,5.793048179169468792e-01,6.451091731355866887e-01,-2.521901658827818693e-01,6.635217824044943313e-01,3.480521290592595296e-01,-6.638689409894917848e-01,-7.132251475635424942e-01,-6.707429631602179754e-01,-2.912919827382880467e-01,-3.086825205478838097e-01,6.106346859420337392e-01,-6.337614679576115684e-01,-8.991462458151580073e-01,-8.829060364543994677e-01,6.660390377682208207e-01,-6.989010742861947456e-01,4.397448718627816611e-02,3.821677485048422529e-01,9.961716855618298894e-01,1.354383121223980968e-01,-2.827253132102538480e-01,-8.605977582565043082e-01,8.567315470225311813e-02,-8.569192674480061722e-01,-4.311262448844328521e-01,5.633214932908876538e-01,1.852627622312410516e-01,4.387668634815071744e-01,-8.853011753393080774e-01,6.043179211900229220e-01,-1.132018275707917798e-01,1.495815382165299745e-01,-2.326522877582701820e-01,-4.217851725551093889e-01,-3.134850807357705271e-01,3.368424321322425197e-01,-2.118012022648920745e-01,-5.164604403551869005e-01,-6.174693602578320561e-01,5.309961803834148952e-01,-5.916977206698224023e-01,-4.404943357321000619e-02,-2.129162818285459391e-01,-6.578157113451865712e-02,6.608793169375459797e-03,3.049478718850526793e-01,9.618088896089957984e-01,-9.139829518310345069e-01,-7.776321568731079381e-01,5.135295009216791495e-01,-2.827631958372207599e-01,6.726152440718324854e-01,-2.052156497628663256e-01,-5.851162708213100139e-01,6.168538140972985584e-01,-1.449193283965413137e-01,-3.630699448662670914e-01,-3.857861290551918287e-01,5.540820749242938437e-01,-8.995806833978359229e-02
1.115139281222441436e-01,-8.307363897095403349e-01,7.741267360857719826e-01,-2.876654136006431273e-01,2.238754861419565145e-01,5.253154638998298598e-01,-2.080001502606703134e-01,-3.749870520078586456e-01,-1.400582097593450204e-01,5.926935719514363488e-01,-3.763942125555368445e-01,-1.699401914837106453e-02,9.830402416584420600e-01,-5.895288524809638719e-01,-9.504355307281882048e-01,-4.633364433403084348e-01,3.045803278657619462e-01,5.254748641537116960e-01,4.080179775576173729e-01,9.230781142418571505e-01,7.266005524843690555e-01,1.695480832232325596e-01,-4.781668785660031507e-01,-9.226751458278239504e-01,2.810864437755447032e-01,9.636272895435207264e-01,-2.973796917129760686e-01,7.670846522339558327e-01,9.255388257265138030e-01,7.821502815772809480e-01,6.027034134184512393e-01,1.259688187183201080e-01,-3.677575003229773820e-01,-7.292375282076291043e-02,2.654077855697636323e-01,-7.970717282600325859e-01,-5.652565690168116497e-01,-1.526294416214362126e-01,-9.970430249949455703e-01,-6.653174449687271341e-01,-6.785021083991631397e-01,-2.751733065796626576e-01,-1.228574570127010102e-01,4.149024718123173194e-01,2.269707963571403475e-01,7.777902065016844002e-01,-9.538889650299429146e-01,2.059738587974651036e-01,7.564137574272906672e-01,8.645940803554279519e-01,9.726527986130473202e-01,1.141805659852617172e-01,7.036170018871210630e-01,7.098792451741393617e-01,-5.823053904679755810e-01,-2.603607268233589789e-01,2.511198281296398438e-01,-2.779824999450686285e-01,-1.792985642668927238e-01,4.133360325370274424e-01,8.572406838665114215e-02,-7.649638106034262197e-01,-5.575831307506813328e-01,-4.927639170252093859e-01
5.956433003943009119e-01,-5.099440033821804885e-01,-7.326698326030312014e-01,-6.857744477667226946e-02,-1.104471730903271443e-01,-1.519677914459809376e-01,4.835888048758005819e-01,8.597059166685026010e-01,2.820735197001358330e-01,5.611367659160710897e-01,9.875030938502944444e-01,8.583765841191617341e-01,-9.273323049525927786e-02,9.106779651520897634e-01,-3.144077191790892734e-01,-2.860516827310310983e-01,5.826177822920219906e-01,7.683461025747464479e-01,8.822594670132108963e-01,1.573438910544453506e-01,-5.489128440939765596e-01,-6.043117120357519578e-01,-1.925507352912176895e-01,7.453081782094390650e-01,7.636373019954725283e-01,6.124444278594598501e-04,9.726008062849937907e-01,-2.973375342571507041e-01,-3.237144646402552173e-01,6.525611127646224752e-02,-7.966213570102147479e-01,2.206871242280583623e-02,7.767082035645556104e-01,-1.022130317589666770e-01,-7.009468786185624189e-02,-6.515678428824998036e-01,3.517289449033462745e-01,-6.801617916144340192e-01,8.395849399757548959e-02,5.179596642650208249e-01,-9.106670415760278470e-01,8.125949452646266113e-01,-2.986268505436617815e-02,5.850502795218923691e-01,9.913460915552911867e-01,-3.074977086076888799e-01,4.198876099774366821e-01,-6.394235459015573664e-01,-3.081029622865825157e-01,8.912606585362754519e-01,7.661030758362612492e-01,7.512820057465323664e-01,-2.860742887082794450e-01,7.955550615841142648e-01,8.205640468752373184e-01,2.193271520193220692e-01,-2.312656970838895543e-01,-2.058667796293003338e-01,4.541781962607998047e-01,8.958424525134811578e-01,9.389628674085681581e-02,3.668153495693258215e-01,6.385611129409654030e-01,-2.882886102761550440e-02
-6.543170131828512925e-01,-9.965661351495513909e-01,-4.183818475753557919e-01,2.170004353781980200e-01,-1.036175203156399771e-01,-1.132440317610765579e-01,-6.206082661288636615e-03,-6.339578049548433292e-02,7.410912939987037706e-01,-8.404776066723946837e-01,6.015578672100165836e-01,9.932465817817883735e-01,-5.461229668041183150e-01,-2.713914724693733405e-02,-8.102193693078461045e-01,-7.511945564230471106e-01,-4.798885834548811680e-01,5.124153254623176057e-01,2.550276817437291399e-01,-8.693715633379619501e-01,-1.836449967938051930e-01,5.476534878250067795e-01,8.812641803974123889e-01,-7.997179153799827134e-03,-2.098383109408146208e-01,-8.051924746722873838e-01,-6.820383526294773180e-01,9.044615955542412156e-01,9.423869088527780935e-01,9.338823538746832131e-01,8.589751762476385277e-01,2.135271715068565168e-01,-4.420940574128684464e-01,5.067074136532816464e-01,3.203368307423191119e-01,9.942001339040558161e-01,-7.080195539136120431e-01,1.305119265705250164e-01,2.286650932263063485e-01,1.254403826515972931e-01,-8.595037354586019251e-01,8.820184426279513712e-01,-9.391022661900749746e-02,9.063268823847210331e-01,6.693699706269831129e-01,-9.685817022063414328e-02,9.946614407649285727e-01,7.008522746181153895e-01,7.554368348399795874e-01,1.934154714406328690e-01,1.482545374217392187e-01,-1.277577107405198920e-01,-1.382306681665812498e-02,3.670107377058096088e-01,8.970488170384616211e-01,5.971093948018018072e-01,-8.939900506138467318e-01,-7.583847269092676147e-01,-1.405793632043748076e-01,7.734754077143497497e-01,-9.809813591417309020e-01,5.693746044516945215e-01,6.741709690533368438e-01,-3.552017285182149653e-01
2.527805176224116046e-01,-7.396240439866510474e-01,-4.728132200559835852e-01,6.801075500473798829e-01,5.531319219468617820e-01,-1.568668009508249472e-01,-5.411659324081685707e-01,-2.177425432838533403e-01,1.185705039355446910e-01,3.130207944074079318e-01,-8.363019923062930960e-01,5.407515927971953129e-01,5.432215084799771887e-01,-6.759795472297527308e-01,9.889791027256156219e-02,5.028489321316023108e-01,7.815719968928434014e-01,9.979106652504188268e-02,-3.671323767151513096e-04,-2.586242586884737182e-01,5.803174395742938252e-02,-2.549297937819587911e-01,-3.159845149837534617e-01,9.321551394637859200e-01,1.144226338837217583e-02,4.198065783462663347e-01,3.631505413091324908e-01,6.299304052719005842e-01,8.486868139738272809e-01,1.900353183839083027e-01,6.671893344634798328e-01,-2.657556069546878064e-01,3.089376617099921507e-01,-9.851763157855675246e-01,-5.782798284874337558e-01,-3.038253536165906876e-01,-6.013227186573655292e-01,1.345418761004104624e-01,8.738930205145210017e-01,1.816582234650401251e-01,-5.153504151001480071e-01,3.338172632683678032e-01,-8.719681661786486959e-01,-8.252214742988024376e-01,7.594025853648498359e-01,-3.093283416686618548e-01,-3.452498999609647790e-01,1.425046702983943092e-01,8.170484651987284241e-01,-8.092769085535493900e-01,1.596403282113296740e-01,9.204760530431876919e-01,-1.731838127500777702e-01,-8.982175712886686370e-02,4.664772549326310358e-01,-4.089549473086950826e-02,-4.756109954369223680e-01,4.259857844600889454e-01,1.667556126099660752e-01,1.977665705899336324e-01,-3.470852229898533370e-01,-9.928997859221320166e-01,3.832265094283313633e-01,7.401832730214858991e-01
7.509335775861114559e-01,-3.086128553854765588e-01,-2.608347973892701788e-01,7.845763944897576891e-01,-6.840378469383372462e-01,-8.042825047426460650e-02,-7.421352659087299131e-02,7.403825839532423014e-01,2.076291358511257457e-01,-6.307975647779073824e-02,-7.524955470177630001e-01,6.980156639019288178e-01,-5.031890539333570000e-01,5.532660421191226696e-02,2.865849151242532145e-01,3.332431723757436348e-01,8.262417329032998303e-01,8.635566723923626675e-01,4.634354729932217420e-01,-8.374477944061444745e-01,1.768063753232389512e-01,-8.849280122584066710e-01,5.754463481878007158e-01,1.256595569586109740e-01,9.102475402222696133e-01,1.483806897959065729e-01,-5.817717971870788318e-01,-8.909008783597167636e-01,-9.698811920600445280e-01,1.351864212018738520e-02,9.722785877430495383e-02,6.061350087041967871e-01,-7.053845750305691720e-01,-7.266307515924543825e-01,-6.575558383580990540e-01,7.614725387619629693e-01,-8.008770417868937841e-01,3.694204538780743174e-01,3.755617095740293454e-01,2.176591489678894042e-01,-4.056319268615558027e-01,-3.233731513645861089e-01,3.243834213933918242e-01,-4.303535333052705969e-01,-9.848292315090190208e-02,1.645220191987406544e-01,-5.014178044376573773e-01,-5.543813577372109780e-01,2.583340388856996128e-01,3.923893749883591298e-01,9.091058682419939085e-01,-2.084551740007374310e-01,1.937986362096140169e-01,7.183183383213085360e-01,3.492437478425991504e-01,-2.472866173453849292e-01,-3.572532140550397362e-01,4.180301480865424857e-01,-1.402224561203635478e-01,2.835632955521385501e-01,5.913176914565614339e-01,8.227265340285276896e-01,3.847914025038459140e-01,-5.116574078169584539e-01
-9.866794102829912205e-02,-6.629121958950041638e-01,1.170046017238957070e-01,-1.611673680698959554e-01,-8.186031729056741924e-01,-6.672095800380972719e-01,-3.730757356191569674e-01,8.137791741503583864e-01,-9.811004616622611696e-01,5.734310239343118898e-01,4.175149105959548024e-01,5.555300891953371956e-01,2.176545695129312730e-01,7.705120223667460966e-01,1.823192561260953415e-01,2.830418541694077472e-01,-1.846685107655725577e-01,-9.194638106322081672e-01,2.197658257678463123e-01,-1.585466629643756953e-01,1.149566198862157496e-01,1.779843871609148032e-01,-8.606246470400673587e-01,-7.915165456750545836e-01,-2.574996225714081266e-01,-9.089429163349520557e-01,-1.382072561383229647e-01,-5.821316135179288587e-01,6.396416363880175204e-02,-5.262962362002197025e-01,-5.159364313448315809e-01,7.881608546067730980e-01,-3.636551228870936736e-01,-1.837519289531686084e-02,-8.925432245407061149e-01,-2.745116684407715724e-01,8.721413019258870136e-01,-9.030413160339050282e-01,-3.771976623423414221e-01,-8.042733918972535534e-01,1.884887505002919017e-01,1.649601678799705873e-02,-5.416282129932454836e-01,-5.438914498189428848e-02,-6.671761166956104994e-01,-7.726760617732617575e-01,-2.591169551192906706e-01,1.395577992090213382e-01,2.442517911246901985e-01,-9.487190833513192700e-02,-6.087334497898253538e-01,-5.163950196886448740e-01,3.335207946199021389e-01,-4.325023852554050752e-01,1.118858854858348906e-01,7.400050271711333671e-01,7.631828742744393157e-01,2.651609861040538085e-01,3.831473147028716664e-01,5.585542311782631941e-01,2.348245701343949499e-01,-3.901203068231473559e-01,8.105672554152760778e-01,-6.200792754656720973e-01
6.237764685455160496e-01,-4.716803208971069861e-01,-6.120355925750735615e-01,7.355368936878872166e-01,-5.200221919886516275e-01,-4.893404394591671647e-02,-1.109904085237434224e-01,-2.454110769202566544e-02,5.502097207602487661e-01,-2.111419128783977861e-01,-8.743559376984233467e-03,1.605845610960630054e-01,-3.986593163662408568e-01,-8.155419927015610249e-01,-4.439319946633788483e-01,1.308973009048832736e-01,-8.016114359937831502e-01,-8.011212159730516369e-01,1.798125664398166901e-01,8.720472005941004578e-01,-1.791445410968628416e-02,-9.905607046622331158e-01,-9.159968480322842055e-01,6.845106842260406665e-02,4.544841765624780816e-01,3.188453280048462180e-01,7.226402420337088017e-01,-8.315590862818225126e-01,-7.717557793733340610e-01,4.209614584943954796e-01,-8.768960262762921509e-01,-1.801441984696996457e-01,-3.761665740879229780e-01,-5.070856351420278685e-01,-6.930010629685121604e-01,-2.398481952520370442e-02,-1.729088445472952706e-01,-2.838664999072879613e-01,3.134173114220089040e-01,7.204908633256124073e-01,-6.684626393920496401e-01,-8.263148181417179217e-01,-8.051581650634254128e-01,9.040875180398437738e-01,1.870087333496177617e-01,2.586920791636004857e-01,-7.684421040895548227e-01,1.022389150336779906e-01,1.739133948782940475e-01,-4.113797236226814924e-01,-7.350601956458457931e-01,-7.283069987105068588e-01,4.952483807812033678e-01,-1.880156429679429309e-01,-7.365208148827622203e-01,-6.749284500901020500e-02,-6.719311749959402391e-01,9.991720044407350620e-01,4.785066064143492781e-01,2.788993758524505040e-01,4.812476696674885535e-01,1.715022967217401106e-01,-3.756781089544694030e-01,-3.069374317773589933e-01
-7.335566118595244767e-01,1.381255563113921170e-01,2.506534780431528553e-01,1.687791775549141171e-01,4.205166606993591127e-01,5.324625388035910678e-01,-6.649942178844909790e-01,7.706260017378998572e-01,-4.117267016181380690e-01,-2.285115672804127751e-01,-7.793193054099949446e-01,3.811088024867959057e-02,3.640115822625822339e-02,-8.799515796038548388e-03,2.689500233942594409e-01,2.352945230962131262e-01,7.230627445241948337e-01,-3.327246117070854492e-01,1.833436314821641488e-01,4.064668645686533299e-01,-2.837209246130449891e-01,4.634979264165428603e-01,2.502293595130080650e-01,7.127645893834011481e-01,4.608693324634314248e-01,-4.870790476842763450e-01,-6.460019843292619246e-01,-1.467505489746168124e-03,-4.418357408723421198e-01,-1.950892104372048408e-01,5.291207920856615399e-01,-2.942229224657411102e-02,-9.999262174878988940e-01,8.542598686798663632e-01,5.307431371638682283e-01,8.602197191232963114e-02,7.884408823006692213e-01,-7.410931061489600680e-03,-2.861043773173315152e-01,3.708538036402142524e-04,9.030611482805117607e-01,-1.376410463168644682e-01,-4.963448784795365665e-01,-5.900872804866998944e-01,-6.857402782547408204e-01,-3.046770367867539520e-01,2.235478761649292156e-01,4.793883843338520023e-02,-9.069990316578842027e-01,-7.681074692659000114e-01,4.158990881031043862e-01,4.237417842382531497e-01,-1.939085947754526362e-01,5.847409548613362595e-01,-5.580075389119607543e-01,-6.245332013431035278e-01,2.798986200479565145e-01,1.500787043407569854e-02,-1.280541512793720305e-01,5.686767052317613924e-01,-1.811568021778020565e-01,8.056946261407404997e-02,7.539588221786506228e-01,-1.817337956076674477e-01
-4.886272803331752623e-01,8.193323593719670228e-02,9.061336044463885742e-01,-6.860383129447589212e-03,8.237422763714483676e-01,-5.863053073718689223e-01,9.863659995475464459e-01,9.409407944387246925e-01,-1.477592197780879246e-01,-1.138069301531814403e-01,2.604117246923469686e-01,1.338917992383188427e-01,8.225168972705665382e-02,6.769901758381988710e-01,3.178502657507276119e-02,-7.837187373697547255e-01,-5.664160510752360711e-01,-7.397242021307139925e-01,-4.084447708289840051e-01,-2.515688167937988329e-01,-4.576838465446626536e-01,8.805526480838028469e-01,8.090236240082697705e-01,-2.300394883866176965e-01,-8.611377592622608823e-01,-6.260923914550482472e-01,4.370480719527485292e-01,-2.748881617223339902e-01,-3.141505757884033301e-02,-3.044144356831948173e-01,-8.347779999138049689e-01,-4.446727563344619050e-01,2.878146916967767588e-01,-6.239491215209749253e-01,7.096049114425302395e-01,-5.098755064636162349e-01,-9.897762689999345387e-01,-5.973142119649932358e-01,3.430032275562722166e-01,3.109535939873919741e-01,1.446411909589395695e-01,-8.536102837754255823e-02,-6.776527895448367644e-01,-5.662329378164836502e-01,9.532765117103485508e-01,-1.630871941923732749e-01,-2.514289952090960067e-01,2.712658321770751169e-01,8.980210208844749964e-01,8.554701877839709923e-01,8.733428727910057532e-01,-4.807969688926776453e-01,-1.445691050237678521e-01,9.099877951838790668e-01,7.850111585608638975e-01,-5.846828226146048024e-01,1.525411831475715907e-01,-2.492071864189351338e-01,-8.915526615181319503e-01,-4.921896521444024675e-01,2.777690060944468797e-01,-3.820796994474455754e-01,8.639263592289374571e-01,5.697854045918944177e-01
-2.999512709757361506e-01,-2.017350620717386356e-01,-5.854336090958414118e-01,7.164881145581980526e-02,4.840187929048236359e-01,-9.576351397895115358e-01,1.575307436094472990e-01,5.414840911248626210e-01,-7.582701853512285872e-01,-5.716882847379389787e-01,1.273340861612906050e-01,-7.095276681725330992e-01,8.394963408314570774e-01,8.704262501320607637e-01,-2.076579157499744976e-01,-5.339808535885681717e-01,-3.829258152947772054e-01,-5.606618199013537751e-01,9.460718945278090430e-02,-8.313025944236891451e-01,9.300316843835736424e-01,7.092140978070926582e-01,-7.329187902623404138e-01,8.991425437172866353e-01,3.504104228297948431e-01,4.523617513655475708e-01,-9.580169129244877624e-01,-7.376739093298880778e-01,-1.134131143478367409e-01,7.260430842067899793e-01,-3.424519324321746438e-01,-7.211254923357706126e-01,-8.324162471442686506e-01,3.404441952724490683e-02,9.871344412787410594e-01,4.096070708781287539e-01,6.927193635087414147e-01,3.534818848260041779e-01,-7.328294768394694181e-02,-5.248826362268639301e-01,7.564101473828312994e-01,-9.219049210976393294e-01,7.910747138489337971e-02,-2.176629896950770249e-01,9.424619278013903756e-01,-4.294661879695160778e-02,5.736746118755069457e-01,-4.363157241537949371e-01,-9.881530211348195092e-01,-2.095969269773192423e-01,-8.971502534432282960e-01,-9.632611701513296154e-01,-9.743960227695813714e-01,-7.218805728789752241e-01,-2.479413569737007883e-01,-1.007829727372950845e-01,5.370205853384668604e-01,7.142926821095567647e-01,3.738832338714315195e-01,5.740416603111042626e-01,5.061319887517610194e-01,-8.191390152572677330e-01,2.327042593540837867e-01,3.053789321147957203e-01
-8.792636108863940425e-01,8.022201443572758439e-01,-7.084384742055225281e-01,-5.061501303247104566e-01,-8.674467564184624724e-01,-3.498608327990584410e-01,-1.958313065327941249e-01,5.362381781210638909e-01,-8.359664676117366522e-01,1.381248655538565018e-01,7.650170087369203564e-01,7.844547156999004400e-01,9.152726665642203496e-01,4.124105839772331805e-01,5.693372852483160607e-01,6.742454633397436670e-01,1.808685642954452888e-01,2.344656517587591082e-01,5.376406518945087143e-02,1.868655482379781851e-01,6.380181546530234726e-01,-3.840623063123738135e-01,-2.911867243813088812e-01,9.410156391553463617e-01,-4.988952476269921110e-01,5.648446254926311472e-01,-3.207705329911372250e-01,9.151611184251740028e-01,9.199815249363054726e-01,5.907443812310888553e-01,-7.453222172871962758e-01,5.347456374941044199e-01,-3.632316416013723348e-01,-6.261011925098143305e-01,-3.753936802952759777e-01,3.882191079804164779e-01,-8.068121326058868004e-01,-8.131066992963797979e-01,3.271956727490838990e-01,-8.457443609212922375e-02,1.023936482284315552e-01,-5.766750189747216204e-01,2.519309894553272144e-01,-1.889400450205276361e-01,-8.751512830425616229e-01,9.856307919357520930e-01,-7.993606778980866245e-01,6.290416783820118596e-02,5.846620713927241919e-01,-5.927075862972135400e-01,3.486995868769788842e-01,1.753672196377464854e-01,-8.502138306465338857e-01,-3.941295554607919804e-01,1.092030866549644763e-01,-7.157573552906941750e-01,-4.621293254234464243e-01,6.620971926199932245e-01,-5.241591492073169878e-01,-2.409194574017079482e-01,-9.847273968401548672e-01,-9.782431988426982805e-01,-5.042370911003721812e-01,8.289958723132493379e-01
-3.019655971032604302e-01,2.158321066548651856e-02,-3.880261822262880411e-01,4.011220605446670362e-01,6.781780544298268154e-01,-6.476934936651601582e-02,-4.200008319334553875e-01,4.471840108124784940e-01,-5.491732525467798443e-01,-4.072191736484409574e-02,9.436833819082708352e-01,9.407901598668477749e-01,-1.557132016525295537e-01,8.056850843987672928e-01,2.918432643546897687e-02,4.892253894711782181e-01,4.583416995251259340e-01,-5.405768617037423063e-01,-1.940411971928894808e-01,7.831926935633248821e-01,-5.887905874986545385e-01,8.403093413285993574e-01,3.890193739524006045e-01,-2.789171439301958433e-01,-5.473816146798493598e-02,5.725992667903194722e-01,8.219229124099562966e-01,-8.303634648384117245e-01,-3.067306157573441716e-01,9.769438768724700850e-01,-1.768936414153206016e-01,3.102386120981110995e-01,1.445208861210147688e-01,2.141977832434884821e-01,6.316922940995863822e-01,4.149854238465442435e-01,-6.373349457210817359e-01,-3.178926497058687239e-01,6.969803916165457913e-01,6.833456266749926566e-01,-3.160348474324274903e-01,-2.154187219298915323e-01,5.165042373622612537e-01,-5.020964677296693157e-01,3.275321440571368203e-01,-5.910306519593366836e-01,-4.920774904413338646e-04,9.888226907379906727e-01,5.577453768141114043e-01,9.158021262967164233e-02,3.318595169134457290e-01,-1.564454752877859622e-01,8.967051114212822860e-01,-1.727628340100606508e-02,9.512550854537857870e-01,3.296066996197393184e-01,-3.759270445803253313e-01,3.541056786376057808e-01,5.960645614387560798e-02,6.401536348725305192e-01,-1.625762537553097076e-01,-3.925618752191448735e-01,-5.726428385932973431e-01,9.844128915313412609e-01
7.357349579457115318e-01,-7.594839986512855745e-01,3.194429448681379569e-01,-7.776044772289605334e-01,3.244213818802959004e-01,4.539944118833079134e-01,2.808524209059028998e-01,-5.764106437658926829e-01,2.362298036503631682e-01,2.154753032391725220e-01,-2.041907878134854304e-01,-3.973813740412093232e-01,6.901760587706597949e-01,-3.099668037339105009e-01,-2.345795648571047387e-01,-1.455924562797796806e-01,-1.818778306540753675e-01,-7.831972591827294217e-01,9.999933616529519398e-01,8.939792669116100043e-01,1.823481516459479757e-01,-1.102653145010341618e-01,7.636219834807349560e-01,4.904105854627878180e-01,-6.459735534720243422e-01,-6.864649297201614875e-01,-6.135929225609211279e-01,6.533540165725093551e-02,9.065502574113470935e-02,-8.978030584118450452e-01,-7.690795190703634265e-01,-7.750237666139472292e-01,-9.368156465700534508e-01,1.536554282362043722e-01,-4.441931020937905927e-01,-5.390128641912359519e-01,-6.780305962083454929e-03,9.233285814280600690e-01,9.090818407487291086e-01,-8.471525924345502112e-02,-7.420883481132887205e-01,5.035606179008877969e-01,-7.355091629665011510e-02,7.343649592315188990e-01,-2.675497052878041959e-01,-9.522850857055309426e-02,-8.845192151079603882e-01,1.891283527684395338e-02,2.253287480735142179e-01,-2.436596443935334921e-01,1.371293385458853820e-01,-9.290346140069429826e-01,3.723568169371005432e-02,8.395696690670133577e-01,7.918974543865422433e-01,5.831431237684825408e-01,9.490139842209126542e-01,-4.339928549843297123e-01,-7.874400491066935182e-01,6.674632933822426395e-01,4.110339400267304377e-02,-3.655367019661222017e-01,-5.552685303565438879e-01,-4.930940761761481994e-02
